version https://git-lfs.github.com/spec/v1
oid sha256:59983fe4510382ee64f40bb7dede36733e4ea4d641d3acdf37746130ff01ffb4
size 69
