version https://git-lfs.github.com/spec/v1
oid sha256:4e0e9c3da8d0cd5c45a31969d8aeb624d92f83f271769df3e9ab0be351d9bdc3
size 141
