version https://git-lfs.github.com/spec/v1
oid sha256:868ebdf8cb21396ef78ea6effaefa5ce6df5abd051bc71278303974fe241a931
size 140
