version https://git-lfs.github.com/spec/v1
oid sha256:ee40c552d17aeb1bacd5c4e2e542ef96ed1e5302f25909cb07273ce9c92c0f98
size 124
