version https://git-lfs.github.com/spec/v1
oid sha256:3379a27543643d2ec6db993bb3c0a9cb0ce8b649c5ac87fc3b6defe73c9f371a
size 125
