version https://git-lfs.github.com/spec/v1
oid sha256:9cc1ba94cf1b67ead884e09c8b2274392d93ffa65513070c8bd0cc64e0e6c781
size 121
