version https://git-lfs.github.com/spec/v1
oid sha256:e55a9d09b0bacad904460adf9ab906048642776a2e05b532efb0e3e4eacb72bc
size 136
