version https://git-lfs.github.com/spec/v1
oid sha256:bddcda13e53ce778559f724764aa95dd08897d524a3e2da6ee8e873039eba45e
size 141
