version https://git-lfs.github.com/spec/v1
oid sha256:818fd29da204e8b854b64ecf18ba81f0feab24d8923454dedd442cf4eeeee87f
size 262789
