version https://git-lfs.github.com/spec/v1
oid sha256:26a1f54a8d87db79304d0c65408c96d48f342d31cb11cf98f968549497a7f765
size 124
