version https://git-lfs.github.com/spec/v1
oid sha256:d8d428b2631191b80765be6dd72e55815e77759eb14b913bebdb4734f30d00d4
size 136
