version https://git-lfs.github.com/spec/v1
oid sha256:fd2d48376d6dbbfa372cc8e1423772793c020b22e8fb51fca028f9a6dec50035
size 121
