,x_(nm),baseline_dark,baseline_light,baseline_dark_smoothed,baseline_light_smoothed,raw_signal,calibrated_signal,calibrated_signal_smoothed,raw_signal_smoothed
0,186.23,1314,1326,1291.0263999165213,4444.809856727754,1287,-2.25,-2.460877463451079,1279.905967095755
1,186.775442325,1307,1322,1294.2619729265673,3362.2733891750795,1284,-1.5333333333333334,-2.0393849975070752,1284.7004499590503
2,187.3207793,1307,1310,1297.435932321646,2416.706297394001,1284,-7.666666666666667,-1.6537767044743148,1289.373126267116
3,187.86601092499998,1302,1307,1300.5454985961483,1603.2640573468757,1288,-2.8,-1.3027212487243094,1293.9241378828574
4,188.41113719999998,1292,1299,1303.587892244464,917.1021449960599,1296,0.5714285714285714,-0.9848872946285712,1298.3536266691801
5,188.956158125,1288,1292,1306.5603337609834,353.37603630391186,1302,3.5,-0.6989435065586116,1302.6617344889892
6,189.50107369999998,1289,1302,1309.4600436400972,-92.75879276721207,1294,0.38461538461538464,-0.4435585488859428,1306.8486032051906
7,190.045883925,1300,1320,1312.2842423761954,-426.14686625495415,1302,0.1,-0.21740108598207675,1310.9143746806894
8,190.59058879999998,1310,1327,1315.0301504636684,-651.6327081969566,1320,0.5882352941176471,-0.01913978221852508,1314.8591907783912
9,191.135188325,1312,1336,1317.6949883969066,-774.0608426308645,1342,1.25,0.1525566980332007,1318.6831933612016
10,191.67968249999998,1317,1350,1320.2759766703002,-798.2757935943173,1344,0.8181818181818182,0.29901969040158827,1322.3865242920258
11,192.22407132499998,1318,1345,1322.7703357782393,-729.12208512496,1327,0.3333333333333333,0.42158053051512523,1325.9693254337694
12,192.7683548,1315,1331,1325.1752862151147,-571.4442412604349,1321,0.375,0.521570554002301,1329.431738649338
13,193.312532925,1317,1331,1327.4880484753162,-330.086786038386,1323,0.42857142857142855,0.6003210964916024,1332.7739058016368
14,193.8566057,1331,1342,1329.7058430532345,-9.894243496454692,1336,0.45454545454545453,0.6591634936115187,1335.9959687535713
15,194.400573125,1339,1340,1331.8258904432596,384.2888623277163,1346,7.0,0.6994290809905372,1339.0980693680472
16,194.9444352,1340,1345,1333.845411139782,847.6180073964842,1343,0.6,0.7224491942571465,1342.0803495079697
17,195.488191925,1345,1364,1335.7616256371919,1375.2486676722065,1347,0.10526315789473684,0.7295551690398345,1344.9429510362443
18,196.0318433,1348,1382,1337.5717544298798,1962.3363191172384,1358,0.29411764705882354,0.7220783409670903,1347.6860158157765
19,196.575389325,1353,1366,1339.2730180122358,2604.0364376939388,1356,0.23076923076923078,0.7013500456673993,1350.3096857094718
20,197.11883,1355,1356,1340.8626368786502,3295.5044993646625,1348,-7.0,0.6687016187692527,1352.8141025802356
21,197.662165325,1352,1368,1342.3378315235134,4031.895980091769,1347,-0.3125,0.6254643959011372,1355.1994082909732
22,198.2053953,1346,1377,1343.6958224412158,4808.366355837621,1355,0.2903225806451613,0.5729697126915414,1357.4657447045904
23,198.74851992499998,1335,1361,1344.9338301261475,5620.071102564567,1343,0.3076923076923077,0.5125489047689524,1359.6132536839925
24,199.2915392,1338,1354,1346.0490750726988,6462.165696234961,1350,0.75,0.44553330776186106,1361.6420770920852
25,199.83445312499998,1357,1377,1347.038777775235,7329.805612811021,1366,0.45,0.373254257298757,1363.5523567917471
26,200.3772617,1363,2483,1347.75512469136,8090.850664794064,1358,-0.004464285714285714,0.33069732383396305,1365.3897257015751
27,200.919964925,1355,6988,1348.1333892047128,8865.373394640706,1356,0.00017752529735487306,0.2984645092372115,1366.4247887834115
28,201.4625628,1344,12259,1348.5316315205068,9654.920881559985,1368,0.0021988089784699956,0.058317991589872914,1366.8691023578979
29,202.005055325,1339,14456,1349.1915558676042,10460.092165167755,1373,0.0025920561103910957,-0.0703255707402665,1368.1141815216392
30,202.5474425,1345,15436,1349.3042198011024,11276.002740718715,1378,0.00234192037470726,-0.10844683731903491,1369.937076717453
31,203.089724325,1350,16147,1348.6554168837088,12099.832000724587,1380,0.002027437994188011,-0.05082464231082532,1371.324763867785
32,203.63190079999998,1356,16855,1347.823393508321,12932.89764207545,1381,0.0016130072907929545,-0.07568032580190724,1371.6336496862634
33,204.173971925,1353,17356,1347.470067272166,13772.87437994039,1377,0.0014997188027244892,-0.10916171010360864,1371.8023737796746
34,204.71593769999998,1357,17706,1347.3561802079064,14610.27780923662,1380,0.0014068138724080983,-0.12781663364433132,1372.5071915558412
35,205.257798125,1358,17943,1347.1071371944747,15439.117261998847,1380,0.0013264998492613807,-0.12306555130858152,1373.8563953883177
36,205.7995532,1341,18255,1346.8480599786824,16254.233300867207,1378,0.0021875369516376965,-0.1262521541770391,1375.2795080296005
37,206.34120292499998,1341,18806,1346.3571315318322,17056.835919273042,1385,0.0025193243630117377,-0.14139348326887158,1376.3691363337523
38,206.88274729999998,1341,19446,1345.3057600398392,17845.88855919692,1377,0.001988400994200497,-0.15415294005032798,1377.079684704044
39,207.424186325,1334,19762,1343.8370518018269,18610.15286869429,1371,0.0020078141957890166,-0.16383088245318128,1377.3025663095161
40,207.96552,1337,19956,1342.8919114815478,19346.461618609337,1370,0.001772383049573017,-0.1709157891564427,1377.938798160747
41,208.506748325,1347,20276,1342.1850325035418,20056.4024326708,1377,0.0015848697765333615,0.036163886236699826,1378.8933837685754
42,209.0478713,1351,20660,1341.155224353867,20736.785204647498,1394,0.002226940804806049,0.07720031711362733,1379.4726720876765
43,209.588888925,1339,21137,1340.2215678724062,21382.168859996418,1391,0.002626527932114355,0.10677510581886551,1380.3102448526313
44,210.12980119999997,1332,21550,1339.8252961561725,21990.929624679637,1369,0.0018300524285290336,0.14419644475567067,1381.6767763708995
45,210.670608125,1331,21949,1340.0846678293703,22548.748737230308,1365,0.0016490445242021534,0.18243357971217178,1382.8234388094597
46,211.2113097,1320,22271,1340.4429771908508,23053.73698158465,1367,0.002243329674001241,-0.011129714410984717,1383.5150739540834
47,211.751905925,1318,22436,1340.3753199392706,23502.03422501031,1373,0.002604413296713704,-0.028704196683902995,1383.773788760761
48,212.29239679999998,1330,22701,1340.0559922081782,23882.742780130462,1373,0.002012072434607646,-0.02896609726473362,1383.8663389883993
49,212.83278232499998,1337,23063,1339.9546309089417,24201.716686674205,1376,0.0017950842308754487,-0.027349989749968898,1383.6622800063158
50,213.37306249999997,1344,23465,1340.1652812067966,24460.43729189742,1381,0.0016726187785362325,-0.00990605870985983,1383.6333778794271
51,213.91323732499998,1353,23968,1340.385490045049,24652.343382635605,1379,0.001149679416316604,0.002034414485141868,1383.4330788919076
52,214.45330679999998,1357,24598,1340.512219982307,24812.403927608306,1397,0.00172109633836754,0.0018424336319913636,1382.9008358059941
53,214.993270925,1355,25098,1340.1504224330984,25055.021676594686,1413,0.0024428252537590026,0.0017581358721785296,1381.682892024708
54,215.5331297,1337,25490,1339.320256404423,25423.283381276553,1384,0.001945928042065168,0.0017271515289884287,1380.5165462411114
55,216.07288312499998,1338,25938,1338.9330222654844,25840.140501483118,1362,0.000975609756097561,0.0017170174235940756,1380.324152302404
56,216.61253119999998,1352,26379,1339.2771297197867,26271.32098122217,1372,0.0007991369321133176,0.001697950357106585,1380.669754694304
57,217.152073925,1352,26672,1340.2293143672305,26716.13626582657,1392,0.001579778830963665,0.0016673380629498636,1381.3863281161257
58,217.69151129999997,1339,26912,1341.3097012389603,27180.12910824655,1398,0.0023071207914597425,0.0016278865409981426,1382.203243561549
59,218.230843325,1333,27333,1341.9525697071024,27664.233821830094,1393,0.002307692307692308,0.0015909117880634417,1382.8092822034207
60,218.77006999999998,1332,27853,1342.630614509929,28163.70060476967,1391,0.0022246521624373137,0.0015498331335192066,1383.4142336179489
61,219.30919132499997,1330,28462,1343.5984960021487,28667.04360234605,1390,0.0022114108801415304,0.0014970508651934952,1383.971279077642
62,219.84820729999998,1332,28907,1344.3853541416308,29176.476001720886,1381,0.0017769718948322756,0.0014606625724076594,1384.4429092391406
63,220.38711792499998,1342,29241,1345.333892047359,29701.71009535833,1381,0.0013978995662926987,0.001425075692456226,1384.8642324854206
64,220.9259232,1354,29846,1346.4006206255829,30250.92237649719,1393,0.0013688052786747157,0.001373533750668755,1385.102289972566
65,221.464623125,1348,30472,1346.9440530929096,30815.72069582491,1387,0.0013391017717346518,0.001338029443285174,1385.4027497791303
66,222.0032177,1347,30913,1346.9911209766667,31382.928129741864,1382,0.0011837921937360482,0.0013034732411888114,1385.350019252958
67,222.54170692499997,1360,31326,1347.3621146571577,31951.553376066793,1388,0.0009343923112861243,0.0012608362136194537,1385.4227049310023
68,223.0800908,1365,31796,1348.1019049128827,32523.876622346426,1379,0.0004600571785350465,0.0012316022735928724,1386.0117782961972
69,223.61836932499997,1353,32173,1348.6457677410328,33097.34288432291,1367,0.00045425048669695006,0.0012067147460791045,1386.3255113365838
70,224.1565425,1337,32870,1348.8886951006562,33666.11977621172,1367,0.0009513842641042718,0.0011622110994566723,1385.9647557135795
71,224.69461032499999,1336,33525,1349.0600013590083,34225.63641305514,1368,0.000994128428966417,0.0011194857608387097,1385.6541711023767
72,225.23257279999999,1349,34218,1348.7285782237163,34770.632743662834,1375,0.0007910188931820256,0.0010945679353995233,1385.190785748235
73,225.77042992499997,1354,35190,1348.0098303472075,35297.46356655802,1384,0.0008866296252512117,0.0010905568748067042,1384.836734693851
74,226.30818169999998,1335,35837,1347.388366667396,35798.23391243222,1377,0.0012173207350298534,0.0010743283950507905,1384.3185123105582
75,226.84582812499997,1323,36283,1346.5705678497557,36273.23291580714,1371,0.0013729977116704805,0.001065904835263973,1383.8551949081252
76,227.3833692,1340,36810,1345.4948016942367,36716.19762621959,1389,0.001381449111925571,0.0010690520332873076,1383.4421164692028
77,227.92080492499997,1353,37160,1344.2501528913194,37122.475911118454,1391,0.0010612450079593376,0.0010606955696122798,1382.5727196538726
78,228.45813529999998,1368,37372,1343.5300912817702,37493.06213051186,1412,0.0012220864348405733,0.0010569289843659006,1382.2535051756286
79,228.99536032499998,1380,37663,1343.6324265555024,37817.239212665474,1426,0.001267811371716782,0.0010566886568644806,1382.7799950168483
80,229.53248,1365,38096,1343.6191759722499,38082.76812611764,1402,0.0010073235141978166,0.0010329205793833992,1382.5958458854975
81,230.069494325,1348,38704,1343.3584679154424,38292.70622211075,1390,0.0011243173787343398,0.0009916924492183875,1381.704908378419
82,230.60640329999998,1332,39157,1343.5796054270506,38441.085460598595,1379,0.0012425644415069398,0.0009517587265750882,1381.2609119119084
83,231.143206925,1333,39455,1343.8118643683629,38514.49387302017,1375,0.0011017260374586854,0.0009471613442402201,1381.6014632267736
84,231.67990519999998,1346,39492,1343.34052866427,38509.99168724019,1376,0.0007864520526398574,0.00096691251000763,1381.7907540374376
85,232.216498125,1352,39452,1342.3487508210574,38434.96414414748,1377,0.0006561679790026247,0.0010092683443987977,1381.907857482589
86,232.75298569999998,1347,39588,1341.2902217490514,38292.08713674075,1377,0.0007844983133286263,0.0010700194089329636,1382.2979229427356
87,233.289367925,1337,39629,1340.2882738000603,38080.907019410806,1376,0.0010184895017235976,0.00113489741673833,1382.8026455865102
88,233.8256448,1329,39491,1339.5885524020673,37793.78857958205,1384,0.0014412242544939993,0.0011955502689599432,1383.3800312577596
89,234.36181632499998,1321,39068,1339.2913769281042,37425.048381616085,1382,0.0016160224653614856,0.0012528541858890976,1384.1219506670325
90,234.89788249999998,1327,38446,1339.5622097895505,36990.2353167675,1371,0.0011853767612274037,0.001293906006273205,1385.0224920156477
91,235.433843325,1344,37945,1339.3847199256802,36497.38245486804,1378,0.0009289363678588017,0.001344365682572434,1385.5958458854975
92,235.9696988,1343,37415,1338.8789100545623,35939.96144872975,1378,0.0009702816589044134,0.0013892458119615246,1385.5994473260737
93,236.505448925,1335,36686,1338.5479399306637,35316.28725452378,1377,0.001188085202681678,0.0014340487268557187,1385.6002853971513
94,237.04109369999998,1328,35955,1338.2103784909934,34634.15918820292,1385,0.0016461143038669246,0.0014750056268095007,1385.2711273188252
95,237.576633125,1327,35184,1337.8098937688026,33895.67543998666,1386,0.001742623386596568,0.0015114478082454714,1384.6464699086916
96,238.11206719999998,1323,34374,1336.8056807628454,33112.26634804802,1377,0.0016338386130525552,0.0015702509236854125,1383.9527962127981
97,238.64739592499998,1322,33473,1335.9794785838608,32293.718883779304,1380,0.0018039874342944233,0.0016260400027440262,1383.306054497244
98,239.1826193,1325,32297,1336.0131599809479,31456.263380823428,1379,0.001743510267338241,0.0016732706372205516,1383.212892704225
99,239.71773732499997,1327,31236,1336.0792090420816,30623.54150716832,1382,0.0018389113644722325,0.0017247542819065719,1383.2743436997175
100,240.25275,1337,30037,1335.5456522231277,29791.01479082142,1381,0.0015331010452961672,0.001777295975137176,1382.826428684655
101,240.787657325,1353,28881,1334.6510226731948,28961.929987088624,1383,0.001089799476896251,0.0018340749659088895,1382.1853722620858
102,241.3224593,1373,27813,1334.4416861083803,28155.834809394917,1397,0.000907715582450832,0.0018948527194492248,1382.4126027769332
103,241.85715592499997,1367,26707,1334.9205644521703,27371.062810029147,1400,0.0013022888713496448,0.0019349632160198895,1382.6829826269864
104,242.3917472,1342,25724,1335.7173208905947,26608.110580080578,1394,0.002132720859650562,0.0019677623375160356,1383.0754037463778
105,242.92623312499998,1327,24959,1336.7842533239454,25884.71777390152,1394,0.0028351387948544345,0.0019967898948245926,1383.6692563817714
106,243.46061369999998,1333,24071,1337.749258193818,25221.506919748543,1396,0.0027706922332658983,0.002012762632095496,1383.7785680309596
107,243.994888925,1329,23319,1338.278737910233,24626.203334163383,1389,0.002728512960436562,0.002029221176199185,1383.5567283516912
108,244.52905879999997,1328,22849,1338.5815533760417,24098.544814151617,1382,0.00250917708284931,0.0020465817845659482,1383.212756800807
109,245.063123325,1338,22419,1339.011959500756,23648.08428276926,1396,0.002751292633176794,0.002065856854432337,1383.1915558676035
110,245.59708249999997,1349,21929,1339.6339667942393,23286.192439239403,1398,0.002380952380952381,0.0020764076280758463,1383.1899476771575
111,246.130936325,1350,21490,1340.4834537588363,23028.357403338254,1390,0.0019860973187686196,0.0020736835569302664,1383.0690389363026
112,246.66468479999997,1345,21248,1341.020453464379,22887.611429477012,1387,0.0021102346379942723,0.002071557049697938,1382.8805635461467
113,247.19832792499997,1334,21234,1340.9595687331278,22866.3251942282,1375,0.0020603015075376886,0.002082091103277754,1382.8794989693727
114,247.7318657,1327,21457,1340.3973589435518,22961.72160184785,1366,0.0019374068554396423,0.0021098344389621857,1383.3241070012646
115,248.265298125,1317,21613,1339.766812385306,23171.183877324074,1370,0.0026113519905400077,0.0021365676174434456,1383.839520713919
116,248.79862519999998,1324,21728,1339.755283245348,23484.791546806955,1374,0.002450499901980004,0.0021358478788119856,1383.9968289202207
117,249.33184692499998,1333,22098,1340.3305850641889,23892.851797322244,1388,0.0026486876956417047,0.00212606001873305,1384.569072912157
118,249.8649633,1342,22748,1340.898344243332,24408.761444199852,1396,0.002522657198916192,0.002116460529053317,1385.3993295431114
119,250.397974325,1353,23478,1341.1611814536875,25038.224150036895,1401,0.002169491525423729,0.0021022694438138576,1385.9268160093961
120,250.93087999999997,1349,24347,1340.730911232392,25780.762689981162,1400,0.002217584137751109,0.002109674696119492,1386.9855942376687
121,251.46368032499998,1357,25513,1340.0228997259023,26627.005254931653,1402,0.0018628912071535022,0.0021275110863553143,1388.5382907879866
122,251.99637529999998,1352,26727,1339.1534349588637,27556.859158757317,1401,0.0019310344827586207,0.002149590906250267,1390.3928741307575
123,252.52896492499997,1337,27841,1338.215021857774,28562.974925818835,1388,0.0019242378508904315,0.002184715925083506,1392.9405649051807
124,253.06144919999997,1343,28853,1337.1046229812423,29635.815760265803,1391,0.0017448200654307524,0.0022214906292588777,1395.6392896781088
125,253.593828125,1346,30124,1336.078597476701,30780.01216335532,1402,0.0019459309194523595,0.002265941334602267,1399.050103060065
126,254.1261017,1345,31493,1335.7349430337915,31982.591496975536,1403,0.001923842377603821,0.002302885128414167,1403.2683865998958
127,254.65826992499998,1337,32661,1335.6781807062193,33225.247593376334,1392,0.0017558421657515005,0.002332794430380912,1408.0257989988181
128,255.19033279999996,1326,34079,1335.6863575618672,34496.31452580966,1394,0.0020761456965774127,0.002368109173556228,1413.6008969625314
129,255.722290325,1332,35720,1335.8901900382539,35787.129561257774,1417,0.002471792485750843,0.002417382433040898,1420.1462094271399
130,256.2541425,1341,37207,1335.941153819993,37093.932705156825,1438,0.0027045112362683323,0.0024943148315350857,1427.6164579038887
131,256.78588932499997,1336,38482,1335.690230809279,38403.453464403894,1446,0.0029612878910246056,0.0026052884299490302,1436.0429907811904
132,257.3175308,1337,40047,1335.372964280026,39694.57373892877,1459,0.0031516404029966415,0.002743176959671052,1445.7395864005705
133,257.849066925,1328,41893,1334.6506602640802,40953.39609051089,1465,0.0033772956982620487,0.0029156089510453476,1456.6329022174627
134,258.3804977,1321,43667,1333.882488844569,42181.94167478231,1461,0.0033060973881830634,0.00310258044441183,1468.2871412715747
135,258.91182312499996,1325,45110,1333.492446034992,43381.16405807523,1472,0.003357314148681055,0.0033114747854910112,1481.2353620693277
136,259.4430432,1323,46151,1333.3101315997844,44536.99279711799,1490,0.0037253502275363614,0.003535668213012493,1495.4672586015251
137,259.974157925,1329,47077,1333.1607284422946,45646.18874719611,1508,0.0039127393547258894,0.003771985320970319,1510.8381843303073
138,260.5051673,1340,47965,1333.2223153412053,46706.74239507034,1518,0.0038176943699731905,0.004027824405018778,1527.5180411787064
139,261.03607132499997,1350,48870,1333.1648055448338,47700.1894720143,1530,0.003787878787878788,0.004304311118440283,1545.0500804094927
140,261.56687,1344,49613,1332.8785476454477,48625.97947858294,1547,0.004205597795686673,0.004605850593702925,1563.6026410563925
141,262.097563325,1326,50466,1331.6252463249195,49482.17588167247,1571,0.004985754985754986,0.004963118394211097,1583.3580828557533
142,262.62815129999996,1320,51778,1330.163876871478,50255.08034156962,1589,0.005331166514725118,0.005345797685871267,1604.1030374413608
143,263.158633925,1317,52610,1328.9625812588931,50951.65147568363,1608,0.005673288752851266,0.005762840212123653,1626.5798092821722
144,263.6890112,1316,52922,1328.241092663455,51572.32188724448,1649,0.006452738053714684,0.0062039642427608385,1650.7002876622032
145,264.219283125,1329,53021,1328.305533534143,52101.564769302946,1676,0.006712837576414146,0.006668983358795923,1676.5313370630952
146,264.7494497,1335,53141,1328.2689075629994,52549.211307163365,1701,0.007064818746863297,0.007169918365147693,1703.6954404402945
147,265.27951092499995,1334,53674,1328.384153661439,52936.30310992219,1724,0.007451280091708062,0.007692785521922236,1732.4957077170159
148,265.8094668,1332,54148,1328.7514552990754,53259.227049309266,1747,0.007857467434110876,0.008246084693284464,1762.9981879543934
149,266.33931732499997,1338,54377,1328.682212507619,53499.843439261465,1788,0.008484322856765775,0.008830660319235855,1794.0755849509271
150,266.8690625,1335,54179,1328.813970871342,53647.10097623852,1818,0.009140110513965634,0.009443285937450228,1825.977847742836
151,267.398702325,1319,53832,1329.176062877956,53720.67498697489,1843,0.009978481518861996,0.010096565332881991,1859.4499762168662
152,267.9282368,1324,53687,1329.6251104215019,53736.50716890427,1883,0.010675476958921376,0.010784824191913258,1894.5630252100477
153,268.457665925,1347,53594,1330.3557724976529,53683.8552855094,1932,0.011196815128141328,0.0114891293494687,1930.443543455081
154,268.9869897,1343,53309,1331.0552220888098,53566.03241296415,1971,0.012084824693068544,0.012230336593339268,1967.2204353439113
155,269.516208125,1327,52787,1331.8196108631876,53398.397109786296,2005,0.013175281772250292,0.013022194028848768,2005.707807651324
156,270.0453212,1320,52472,1332.7001291082215,53176.88445944314,2046,0.014192993431341883,0.013859231341953918,2045.5261500826352
157,270.574328925,1325,52332,1332.96681691542,52891.50855058903,2081,0.014821495088909365,0.014741058169667816,2085.519196357748
158,271.1032313,1333,52416,1333.0337719993402,52563.06052232113,2110,0.015210539709883914,0.01566303435543044,2126.1849872023877
159,271.63202832499996,1332,52375,1332.9278579356017,52223.38915943636,2154,0.016104069118194463,0.016617409177151286,2167.9527509116438
160,272.16071999999997,1328,51985,1331.8498946748255,51878.52370382017,2205,0.01731251357166828,0.017590396458606564,2209.491019049087
161,272.68930632499996,1333,51621,1330.8278103694054,51519.676051551716,2249,0.018215081132675788,0.01858946244141104,2251.7304582209813
162,273.2177873,1336,51003,1330.7329044825224,51135.5400348809,2289,0.01918779068596855,0.019621502121232388,2295.4806450881797
163,273.746162925,1326,50220,1330.4584475299298,50723.58984348358,2328,0.020493312062829797,0.020692758792890932,2339.6528120681787
164,274.2744332,1318,49939,1330.2446261523223,50284.77573670882,2373,0.02169844305958331,0.021772581855200947,2383.0606129243693
165,274.802598125,1315,49659,1330.8104147319052,49826.7133343894,2414,0.022732914115505543,0.022854441340801508,2426.201137058551
166,275.33065769999996,1334,49118,1331.721533896552,49352.98407664859,2462,0.023606228026117528,0.023949000315115102,2469.3007542639225
167,275.858611925,1347,48724,1332.4051507395154,48869.78746970392,2520,0.02475884923063934,0.02506244838047269,2512.0679517089366
168,276.3864608,1349,48089,1332.9324107001034,48396.29065210897,2566,0.02603765511339324,0.02618717442424333,2554.164601689684
169,276.914204325,1345,47500,1333.2126661985294,47923.94935332532,2611,0.02742931426714332,0.027327966479145226,2595.5064667375887
170,277.4418425,1333,47394,1333.3011166730587,47440.51885659833,2651,0.02861422895725234,0.028501169291645007,2636.7460871140406
171,277.969375325,1336,47020,1333.8392489070845,46941.983012071854,2697,0.029791611942912178,0.0296853699283387,2677.4072345918985
172,278.49680279999995,1344,46132,1334.5127409454092,46436.57149652224,2734,0.031035098687148342,0.03088991158166631,2717.832748193565
173,279.02412492499997,1336,45323,1335.2368117057888,45944.72191895539,2762,0.03241866915224953,0.03209656710177027,2757.666651566234
174,279.55134169999997,1339,45003,1335.7919318670606,45466.34816190541,2812,0.0337348845731037,0.033306861682639514,2796.5507939024137
175,280.078453125,1341,45000,1336.3315363881145,44992.07239121977,2868,0.03497560640417783,0.03452946068059839,2834.590840109575
176,280.6054592,1340,44655,1336.873632471831,44518.95517452179,2906,0.036153757358882606,0.03574554001310781,2871.5319939295923
177,281.13235992499995,1340,43908,1336.9628757162984,44045.39581870399,2927,0.03728152602894193,0.036962559778069184,2907.3709030781565
178,281.65915529999995,1324,43349,1336.9015606242242,43573.762689980824,2958,0.038881618084473525,0.03819056787614546,2942.4161136152015
179,282.185845325,1311,43011,1337.1532537543062,43110.763799858745,2991,0.04028776978417266,0.0394225837260959,2977.047520895093
180,282.71243,1310,42526,1337.0558336541906,42650.339101677586,3013,0.041318905279503104,0.04066428990270735,3010.802215225655
181,283.238909325,1312,42199,1336.8060884730994,42187.20661849564,3043,0.04233619487856776,0.0419039601637259,3043.602663706934
182,283.76528329999996,1327,42198,1336.748103014765,41725.53432693752,3098,0.04333145751266179,0.04313969634294524,3075.613535980371
183,284.29155192499996,1336,42014,1337.2562005934194,41267.93404154035,3140,0.04434829637641969,0.044370761790869226,3106.7380235112314
184,284.81771519999995,1334,41259,1337.9314367256081,40828.388593172334,3155,0.045610519724483406,0.04558148192479071,3136.460644635152
185,285.343773125,1362,40432,1338.2841513963822,40404.16041133358,3198,0.04699257742513437,0.04677849932807727,3164.631339328123
186,285.8697257,1369,39765,1338.6031393689295,39982.03472332252,3218,0.04815605792270028,0.04799386817609828,3192.184647443822
187,286.395572925,1338,39247,1339.021132981469,39571.67775034466,3208,0.04932865546440159,0.049216857446626745,3219.463204149523
188,286.9213148,1351,38856,1339.4174046977025,39168.65149833443,3226,0.04999333422210372,0.05044082269677456,3246.3072549774006
189,287.446951325,1365,38569,1339.4805091847804,38771.826496635644,3272,0.05125792925491882,0.05167506272116949,3273.2129833064673
190,287.97248249999996,1356,38227,1339.1841944324642,38397.21755872086,3299,0.05269724173469664,0.05291418568291449,3300.429522752434
191,288.49790832499997,1344,37766,1338.4817776166815,38038.31448050845,3317,0.05417055625720718,0.05418610928120561,3328.037373439878
192,289.02322879999997,1335,37368,1338.0722779677653,37683.60737502475,3347,0.055837704326589514,0.055468416082488224,3355.3979478583246
193,289.54844392499996,1332,37019,1337.856078280343,37334.79095789188,3379,0.05735982290469919,0.05675829321164462,3382.317470384315
194,290.0735537,1334,36741,1337.522661894921,36990.3887517264,3411,0.058660716807410966,0.05805513564392352,3408.9409046636865
195,290.59855812499995,1336,36545,1337.487757367072,36655.39735894287,3441,0.05978585020875345,0.05936279793359548,3436.295454030603
196,291.12345719999996,1331,36405,1337.4735328093245,36336.042832226536,3472,0.061042367565718195,0.0607034604881638,3464.2177625766617
197,291.64825092499996,1331,36114,1337.5165235905429,36023.37421006069,3485,0.06192680332346261,0.062072724147384746,3492.2191216108417
198,292.17293929999994,1327,35666,1337.7250447348495,35704.669845295924,3502,0.06333906054340546,0.06344331184570043,3519.5118349225804
199,292.69752232499997,1329,35321,1337.7334480961938,35382.98351038461,3526,0.0646328547893622,0.06483907129142592,3546.8123853314237
200,293.222,1335,35218,1338.045776801261,35078.209110058444,3563,0.06575568869344509,0.06627414728729011,3576.1383043782866
201,293.746372325,1332,34896,1338.615574531674,34801.04009150764,3598,0.06751281134548921,0.06774764049113477,3607.7976624611415
202,294.27063929999997,1329,34504,1339.1142721239182,34533.500532287726,3626,0.06923888470233609,0.06926936350649437,3640.4040635121273
203,294.794800925,1336,34273,1339.7438447076688,34263.44422297155,3657,0.07046786288975923,0.07081246255553889,3672.93829984817
204,295.31885719999997,1350,33937,1339.993861695596,33998.27685791233,3685,0.07165434068800441,0.07239056110980659,3706.0368298261988
205,295.842808125,1364,33669,1339.4160003623836,33740.77940610142,3720,0.07292988701439405,0.07401751791715214,3739.4649482433774
206,296.3666537,1358,33358,1338.6502978549652,33493.79134295163,3753,0.07484375,0.07567682042368887,3773.9298738362545
207,296.890393925,1345,33127,1337.8694874175828,33259.28933837623,3788,0.07686740922534768,0.0773537523736755,3809.0538630545825
208,297.4140288,1328,33057,1337.411289043894,33043.92434709669,3821,0.07857165369220587,0.07905666877076356,3845.326530612171
209,297.93755832499994,1327,32853,1337.2793947767527,32851.56361412426,3866,0.08053669986677663,0.0808043377618768,3884.119572357171
210,298.4609825,1335,32740,1337.3933497927217,32668.464087521173,3936,0.08282120681420156,0.08257807256166153,3924.648621712761
211,298.984301325,1330,32832,1338.5418695779942,32483.919431923092,3989,0.08440733921655767,0.08436967287812165,3966.487508210755
212,299.50751479999997,1329,32691,1339.958368252936,32291.939409725535,4028,0.08605956252790001,0.08618653021483105,4007.9921629028195
213,300.030622925,1331,32459,1340.2248748555771,32089.67199710011,4071,0.088023644307376,0.08804881254616793,4047.6736732428044
214,300.5536257,1330,32042,1340.7774128519077,31890.74094543417,4097,0.09009507684292785,0.08992694563232177,4087.5416430722453
215,301.076523125,1330,31529,1341.5390382567866,31702.52615008207,4120,0.09238716513791848,0.09183965868140487,4129.026297311298
216,301.5993152,1336,31246,1342.0001132528228,31523.416340120355,4135,0.09358074222668004,0.09380858658722069,4172.21497655658
217,302.12200192499995,1343,31112,1342.757435049466,31350.653197127307,4180,0.09530048036548087,0.09580258435989059,4216.788035969023
218,302.64458329999997,1352,31100,1343.6365716097503,31180.34773154484,4250,0.09741831383622429,0.0978147919729631,4261.817459059014
219,303.16705932499997,1364,30912,1344.3883440168263,31013.92613649174,4313,0.09980370921889807,0.09983576340343724,4306.975333529555
220,303.68942999999996,1356,30560,1345.1807288953057,30853.03467802156,4345,0.10234899328859061,0.10187373911006095,4352.673967700204
221,304.211695325,1346,30502,1346.1233323517827,30696.040318013413,4379,0.10402661544793525,0.10394586121717592,4398.88912546142
222,304.73385529999996,1348,30562,1346.5712473668452,30542.03123513498,4440,0.10583966591360307,0.10603760495885135,4444.335228430909
223,305.25590992499997,1353,30546,1346.9772588280337,30387.378219211623,4528,0.10875894906313158,0.10810790940513842,4488.045527644934
224,305.77785919999997,1355,30448,1347.3936442501272,30235.56379532887,4590,0.11119513284982642,0.11019832854743278,4532.40875218003
225,306.29970312499995,1350,30128,1347.3082063013628,30090.468527032877,4607,0.11317673222600598,0.11231784493232377,4577.678248657866
226,306.8214417,1345,29780,1347.1928242995052,29951.725044734303,4619,0.11513979250923158,0.11446927533740267,4623.441640807178
227,307.343074925,1348,29744,1347.4682325760236,29812.715463543336,4661,0.11667136216368502,0.11665163606782869,4669.675462637795
228,307.86460279999994,1345,29719,1347.6470135223644,29673.414369520822,4723,0.11905265383802072,0.1188542965141984,4716.012276608666
229,308.386025325,1341,29598,1348.3923531676564,29541.480916894492,4776,0.12156279859857734,0.12105295396575425,4763.242134589595
230,308.90734249999997,1353,29611,1349.7195632969908,29408.101836960635,4843,0.12350484818458489,0.1232860219764255,4811.128745837866
231,309.42855432499994,1355,29382,1351.0980316654707,29273.51756551621,4876,0.1256288578870375,0.12556297144938403,4859.362794174181
232,309.94966079999995,1354,29228,1352.1900609300062,29140.238850256534,4929,0.1282557221783741,0.12783998196241425,4907.349724795484
233,310.47066192499994,1356,29227,1352.7934721057975,29008.590092640276,4996,0.13060170069247606,0.13015369324234585,4955.690049604652
234,310.9915577,1354,28968,1352.9397268341038,28883.388026908317,5006,0.13225175635547187,0.13252597152960965,5005.228317742095
235,311.51234812499996,1343,28545,1352.9965571133855,28760.637522933153,5008,0.13473274023968826,0.13492154360898917,5055.173571315221
236,312.0330332,1336,28289,1353.0702620670652,28639.27323382128,5048,0.13772121841724483,0.1373813273187135,5106.158010373863
237,312.553612925,1337,28321,1352.7483748216007,28526.440915988493,5124,0.14034242514082418,0.13985945240647,5157.173729869208
238,313.0740873,1347,28601,1351.7307300278346,28415.76373190731,5224,0.14225434798561679,0.1423332231201064,5206.878298489108
239,313.594456325,1352,28563,1350.7542186685737,28308.70964234696,5285,0.1445371357171732,0.144865887053785,5258.100342023501
240,314.11472,1365,28369,1350.263290221723,28202.59534757245,5326,0.14668197304103095,0.1474540254644404,5311.342068902932
241,314.634878325,1375,28151,1349.8508912998902,28085.06908423693,5342,0.14815506423662983,0.15009006319433818,5364.023624544054
242,315.15493129999993,1359,27856,1349.801535708597,27956.829350607637,5351,0.15065856512057968,0.15272925913455696,5414.534553443915
243,315.67487892500003,1347,27704,1349.6082357471032,27825.99895807326,5398,0.1536973100125204,0.1554101115804415,5464.730843280604
244,316.1947212,1347,27521,1349.4979501234195,27698.963849690288,5459,0.15710246809811262,0.15813668225763836,5515.880019932395
245,316.71445812499996,1346,27328,1349.6454959341968,27572.981924844888,5507,0.1601493341544146,0.1609028547807755,5568.067045686092
246,317.23408969999997,1341,27274,1349.1796869691013,27444.996625064592,5553,0.16241854008406278,0.1637101086256887,5620.630229450162
247,317.75361592499996,1351,27347,1348.5069650501455,27318.173390110234,5647,0.16525619326050162,0.1665407072148021,5672.959296926209
248,318.2730368,1351,27435,1348.1149516410078,27193.058982082875,5764,0.16918417420641005,0.16940435934333353,5725.279168270971
249,318.79235232499997,1344,27231,1347.9962853065495,27069.27880586145,5805,0.17232587785374898,0.17234223872759585,5778.824729891847
250,319.3115625,1361,26937,1348.3585132165815,26950.127296200983,5838,0.1750469189865499,0.17532283666381188,5833.965412580014
251,319.830667325,1369,26884,1348.6961879091,26829.108835986706,5895,0.17738585145992553,0.17829776294946204,5888.440802736077
252,320.34966679999997,1353,26850,1348.4171102402968,26703.41903553823,5951,0.18033494136565087,0.18131786011307666,5942.432082266755
253,320.868560925,1351,26723,1348.151985322405,26581.913927834776,6012,0.1837064480529718,0.18432693988832588,5996.117035493327
254,321.38734969999996,1335,26458,1348.294593308996,26458.76441142444,6046,0.18751741432153804,0.1873127163357346,6048.196153933155
255,321.906033125,1325,26355,1348.4227049310032,26329.594033839443,6079,0.18993208150219737,0.19030639148028305,6098.276608756594
256,322.42461119999996,1336,26295,1348.558404493847,26197.261976488204,6125,0.19187467446612444,0.1932581739267871,6145.418582527233
257,322.943083925,1341,26080,1348.7329271330914,26054.356157556864,6188,0.19592546182141557,0.19619010144725207,6189.134453781394
258,323.4614513,1345,25898,1348.376361865475,25912.940361049583,6231,0.19899808577363254,0.19912595202192865,6232.188679245164
259,323.979713325,1341,25703,1347.6222564497239,25781.199279711385,6236,0.20092767424677777,0.20200068946543845,6274.658973023052
260,324.49787,1338,25500,1346.8020793222693,25644.678792271134,6273,0.20424633722373975,0.20481974623960303,6314.130874991384
261,325.01592132499997,1341,25422,1345.772361774873,25496.768443225857,6314,0.2065113575017649,0.20761590705029076,6350.317923395651
262,325.5338673,1346,25346,1344.7276495503606,25343.596910461813,6376,0.20958333333333334,0.21035527615904964,6383.798523182734
263,326.05170792499996,1367,25293,1344.039185485489,25192.944868512954,6476,0.21353339463345314,0.21295768505051452,6414.199778024294
264,326.56944319999997,1368,25095,1343.666515662843,25057.46204897005,6484,0.21561933662072744,0.21541352900231409,6443.300165349035
265,327.08707312499996,1349,24742,1343.3077759405392,24926.221341366258,6443,0.21775744880947293,0.21776659235703158,6469.994110851764
266,327.6045977,1342,24631,1343.3870302837859,24787.44440417629,6472,0.22027566662372794,0.21999567679237503,6491.900065686527
267,328.122016925,1330,24697,1343.9177104803928,24644.45083693807,6543,0.2230923952582702,0.2220735062446974,6509.136016670695
268,328.6393308,1337,24648,1344.2268228045677,24494.656028448644,6579,0.2248723778473682,0.22402692624575596,6521.471267752258
269,329.1565393249999,1341,24523,1344.1980339305278,24336.54001223084,6595,0.2266413596756104,0.22582992925356438,6527.889940881888
270,329.67364249999997,1345,24313,1344.2630863665966,24173.555935581317,6598,0.22870950888192268,0.22747559589017513,6529.545833427585
271,330.190640325,1361,23988,1344.5325148927238,24008.36376814831,6583,0.23078622884164934,0.22894466462565963,6526.709687648519
272,330.70753279999997,1361,23811,1344.714625472805,23838.044191260953,6578,0.23238307349665924,0.23021636462231795,6517.817685564666
273,331.224319925,1355,23763,1345.1069333393477,23672.302135948266,6585,0.23339878614780435,0.23133509470581226,6505.935491177479
274,331.74100169999997,1352,23697,1344.6751228793146,23513.86994042855,6575,0.2337435667934661,0.23231030396843594,6491.228498946623
275,332.257578125,1338,23448,1343.810595936462,23352.27676731025,6519,0.23432835820895523,0.23306308848733073,6470.632539808253
276,332.7740492,1332,23157,1344.3260096491167,23189.94269405831,6478,0.23578465063001144,0.23360048294601563,6446.260164443013
277,333.290414925,1346,22864,1345.374957530156,23028.86332646222,6403,0.23501254763453852,0.23395317128096382,6418.175270107919
278,333.80667529999994,1348,22538,1345.8990917121307,22869.298466555996,6329,0.23506370929683812,0.234135540451143,6386.014768171297
279,334.3228303249999,1329,22427,1346.2585109515246,22711.342567215128,6307,0.23594653521660822,0.2341598442650525,6350.515051303419
280,334.83888,1320,22396,1346.2305374979924,22548.63158848402,6284,0.23552856329474284,0.2340051885897648,6310.148655688569
281,335.354824325,1327,22449,1345.9775532854394,22386.296360053024,6307,0.23577312754474009,0.23360565138989417,6264.638202450672
282,335.8706633,1325,22561,1345.978096899111,22225.42970395663,6314,0.23493124882275382,0.23298235673064294,6214.926136492213
283,336.386396925,1341,22344,1346.195995379258,22061.563908581877,6238,0.23315716802361566,0.23222832348381905,6162.312804366911
284,336.90202519999997,1359,21984,1345.982672314183,21898.57129266759,6160,0.23277575757575758,0.2313115603374245,6106.292147047381
285,337.41754812499994,1364,21836,1345.2793494756136,21737.849872023864,6091,0.23090074247753029,0.2301527233449341,6045.512537090192
286,337.93296569999995,1364,21709,1344.7308206301132,21574.631882941445,6001,0.22791840747112313,0.2288131298728418,5981.118734286053
287,338.44827792499996,1359,21494,1344.4965910892402,21412.257514326076,5908,0.22592500620809536,0.22729516462589908,5913.858162132665
288,338.96348479999995,1347,21293,1344.5846112029458,21251.63333257791,5854,0.2259600922490725,0.22558851941898408,5844.038596570591
289,339.478586325,1345,20942,1345.4766585879377,21093.255362521966,5761,0.22534061335918762,0.22376701635237098,5773.756347822036
290,339.9935825,1350,20664,1346.4854017078271,20936.39201340874,5659,0.22310241275758516,0.2218531285008914,5702.2242406395435
291,340.50847332499995,1351,20637,1346.9705089582744,20773.91805023856,5610,0.2208337654256974,0.2198147603782154,5627.072866882494
292,341.0232588,1351,20474,1347.2625427529242,20616.36012140666,5522,0.2181143126078544,0.21765049163360095,5550.767106842631
293,341.53793892499993,1347,20297,1345.6795850415378,20464.847312509515,5417,0.21477572559366753,0.21541934997109735,5473.624815964016
294,342.05251369999996,1348,20313,1343.8560782803431,20317.3818206524,5375,0.212338518323227,0.21306149240507766,5395.479739065334
295,342.566983125,1345,20195,1343.4721964257146,20174.462728487237,5308,0.21023872679045094,0.2105719322975393,5317.739110738533
296,343.0813472,1336,19962,1344.1873881627866,20032.1231284963,5215,0.20825727477719316,0.20801624828849008,5240.542752950136
297,343.595605925,1331,19978,1345.6080771931156,19888.89329316594,5171,0.20593124899447632,0.20544393041010758,5163.854220933558
298,344.10975929999995,1331,19838,1346.827855670544,19745.902761104062,5074,0.20224779813043714,0.20283935605417572,5087.1769689006705
299,344.623807325,1360,19663,1347.529683571516,19610.47441618119,5003,0.19903840900398842,0.20020815673958425,5011.716709325144
300,345.13775,1372,19573,1347.8708464517624,19480.88579582739,4971,0.19773638811054337,0.1975340514858369,4937.048426917843
301,345.6515873249999,1346,19284,1347.8831004099493,19353.017146480863,4859,0.19584123090645558,0.19480125876557566,4862.024779723117
302,346.16531929999996,1339,19152,1347.5135563659169,19221.557634374138,4765,0.19233144332790658,0.19206630254603704,4786.7967564383325
303,346.678945925,1343,19059,1347.5344854922844,19087.04505198269,4685,0.18864303454504402,0.1892832763187629,4710.89075630243
304,347.1924672,1348,18888,1347.6908423746597,18949.652245803616,4589,0.18477765108323832,0.18652281044199465,4635.208951505041
305,347.705883125,1345,18790,1347.5423678905265,18814.560057985098,4522,0.18211521926053312,0.18376833291537614,4560.7025980202525
306,348.2191937,1339,18683,1346.9724116061261,18681.91227434334,4470,0.18052352398523985,0.18100795457765836,4487.2118960791
307,348.732398925,1337,18607,1346.4388774377417,18554.066298217047,4408,0.1778228141285466,0.17829756720054982,4416.761534802516
308,349.24549879999995,1331,18546,1345.5770232621094,18438.686652018947,4329,0.17415045018878886,0.17561018771058004,4349.815805567428
309,349.758493325,1348,18384,1344.7873338014192,18327.180298534156,4257,0.17075604602019254,0.17294397443636395,4284.396770028684
310,350.27138249999996,1362,18143,1344.33717637996,18212.547690774074,4200,0.1691198379119242,0.17032285346922493,4219.946001041845
311,350.784166325,1355,18041,1344.2497225304958,18099.682824072675,4145,0.16720604099244876,0.16773444608623891,4157.319758091836
312,351.2968448,1347,17963,1344.271082017687,17990.827176153136,4081,0.16454020221473278,0.16516701773004847,4096.282022242781
313,351.80941792499993,1340,17883,1343.9815397856996,17880.496998799175,4045,0.1635132684519132,0.16264044965853927,4035.969806790564
314,352.32188569999994,1334,17842,1343.5610999116368,17770.464042220323,4002,0.16161860915919554,0.16020131943129956,3977.825681215806
315,352.83424812499993,1333,17695,1343.1912614101989,17654.89777797878,3910,0.1574990832416575,0.157840136460661,3920.5295476680494
316,353.3465052,1332,17615,1342.5991755192385,17536.317062673792,3851,0.15470122213351348,0.15553767616360825,3863.7422365171747
317,353.858656925,1329,17401,1342.229427620079,17421.634147998488,3785,0.1528123444499751,0.15330835967679066,3809.645314729592
318,354.37070329999995,1381,17351,1342.369589345146,17310.69380959898,3773,0.14978083907326237,0.15115836111042702,3758.095381548774
319,354.882644325,1403,17302,1342.8978912319387,17202.74128519299,3761,0.14831121454179508,0.14903252554553054,3707.930168293661
320,355.39447999999993,1364,17183,1343.6000588914553,17105.18303925311,3701,0.1477337379101081,0.14692710443292634,3660.423135291783
321,355.90621032499996,1330,17119,1344.2445582006128,17012.719993657516,3635,0.14598771296472227,0.14490422800305475,3615.350766721714
322,356.4178353,1319,16972,1344.1028335862388,16921.874447892038,3560,0.1431674439404587,0.1429993565141462,3571.858728396951
323,356.929354925,1324,16920,1343.3457609458621,16839.816485084277,3522,0.14093357271095153,0.14115597844345706,3530.7276268997493
324,357.4407692,1335,16759,1343.3934177444307,16765.518018527848,3470,0.13842064315352698,0.13929188152099475,3491.317266529187
325,357.95207812499996,1345,16655,1344.8872454641976,16696.358150807173,3430,0.13618549967341606,0.13746361849506203,3454.5500011324616
326,358.4632817,1342,16506,1346.4666470361472,16631.329882896236,3393,0.13525455025059352,0.1357825367227743,3421.1325737841653
327,358.974379925,1347,16478,1347.1099685156826,16565.398921832566,3375,0.13402947591038267,0.1342181470486466,3388.659018324246
328,359.4853728,1347,16415,1347.6387687150072,16500.04419126109,3347,0.13273161667109104,0.1327402768308655,3357.6863575618286
329,359.996260325,1345,16283,1348.362499716842,16439.66309542654,3290,0.13020484669969207,0.13130846877968433,3328.4367709347252
330,360.50704249999995,1334,16172,1348.820630138822,16378.87442524148,3258,0.12966707103383204,0.1299244583084938,3299.667263131604
331,361.017719325,1333,16158,1348.768850936575,16322.245056512858,3245,0.12897133220910623,0.12862290380404823,3272.425400348756
332,361.5282908,1332,16201,1348.5450180071769,16266.20489705285,3230,0.12764812697558678,0.12742285669859404,3246.9480622437036
333,362.038756925,1335,16102,1348.4012321909638,16213.655869894816,3206,0.12670142886165098,0.12630852185432795,3223.4960701261025
334,362.5491177,1345,15983,1348.1598224195081,16165.12308319523,3178,0.12522202486678508,0.1252247041715363,3201.121225848769
335,363.059373125,1353,15934,1347.9091485650606,16115.841219506357,3172,0.12475138879363555,0.12414350960890208,3178.7445695258625
336,363.5695232,1350,15922,1348.1671838546479,16063.282248748246,3152,0.12366181718363986,0.12313808985846253,3157.5370903077605
337,364.079567925,1351,15867,1348.655348932,16010.194840199922,3121,0.12193441719481951,0.12221979425305367,3137.9206550544145
338,364.5895073,1362,15921,1348.861287911365,15959.305488232723,3117,0.12054399340614053,0.12138357731924018,3119.6455412353025
339,365.09934132499995,1359,15938,1348.8631226075079,15909.407098688227,3109,0.1200356677412717,0.12067471914459253,3103.3868490791947
340,365.60907,1358,15997,1348.8326122901733,15864.59849600187,3113,0.1198852380627092,0.12003631420242572,3088.9635778839242
341,366.118693325,1375,16029,1348.66404675075,15820.068178214378,3122,0.11921659615122152,0.1193749516560273,3074.0860042129475
342,366.6282113,1375,16093,1348.2388729076279,15776.078823982121,3115,0.1182225845902976,0.11878853853010364,3060.18358286705
343,367.13762392499996,1363,16044,1347.6356429363939,15728.8618768259,3075,0.11661330972004631,0.11830751359195574,3047.2056898230408
344,367.6469312,1348,15998,1348.2869600670197,15684.180479738765,3051,0.11624573378839591,0.11784840253519127,3035.9449364650936
345,368.156133125,1343,15897,1349.3467349203577,15646.526376588072,3048,0.1171499244194036,0.11744535922622416,3026.7524292735384
346,368.66522969999994,1341,15851,1350.0421300595451,15615.056014858474,3033,0.1166092350103377,0.11708500235668734,3018.704138259019
347,369.174220925,1358,15797,1350.1088359871992,15586.943305623836,3020,0.11510492416372325,0.11676080410615598,3011.125869215553
348,369.6831068,1375,15750,1349.5935581779624,15558.20974427477,3033,0.11533913043478261,0.11644448822887561,3003.0359238034257
349,370.191887325,1347,15581,1348.751296745087,15532.650116650135,3017,0.11732471547000141,0.11617289212509685,2995.6886226188017
350,370.7005625,1324,15437,1347.91655530134,15507.994292056146,2991,0.11811804719053355,0.11594717085263534,2989.0178939499756
351,371.209132325,1333,15401,1347.3270515753213,15486.629753788011,2982,0.1172163775945408,0.11574463390206835,2983.239371220129
352,371.71759679999997,1339,15320,1346.8193390563515,15461.40739314564,2974,0.11694442457621057,0.11560924056142177,2978.0036467416585
353,372.225955925,1333,15328,1346.3691589843227,15439.158191578223,2957,0.11604144337263309,0.11548965905955211,2973.4356610568184
354,372.73420969999995,1326,15224,1346.0286303200267,15417.999479036604,2940,0.11613181752770182,0.11534101349208228,2968.739722303959
355,373.242358125,1337,15217,1345.9370767174537,15394.07678543086,2944,0.11577809798270894,0.11516659433313316,2963.5296156197765
356,373.75040119999994,1351,15120,1345.49792747285,15369.230446895448,2938,0.11525891495388191,0.11506049864890436,2958.8565992434146
357,374.258338925,1351,15135,1344.9144261477918,15340.616254048497,2939,0.11520603598374927,0.11498415352366426,2954.046864028574
358,374.7661713,1345,15089,1344.4273256472143,15315.0533873924,2920,0.11459545983701978,0.11490885841672026,2949.739337244275
359,375.273898325,1339,15045,1343.6904799655454,15285.928990463815,2911,0.11469429446957537,0.11489228579517846,2945.573353869793
360,375.78152,1355,15064,1343.2617046818468,15254.107318398766,2944,0.11590925669268363,0.11489393934220372,2941.5785181996757
361,376.289036325,1355,15079,1343.338988425533,15227.487032548577,2954,0.1165112212183037,0.114943371006403,2939.3596910461733
362,376.79644729999995,1343,15137,1343.5882352940919,15200.626039094592,2951,0.11657242279251849,0.11501322053800561,2937.546898004429
363,377.30375292499997,1345,15137,1343.9339962399797,15175.97318172523,2944,0.11593677494199536,0.11506631438566989,2935.8809033046614
364,377.8109532,1344,15187,1344.4953679584783,15152.857618518814,2940,0.11529292783356208,0.11514885540179104,2934.963034270256
365,378.318048125,1336,15147,1344.8203130308473,15127.309497383567,2935,0.11577727898052277,0.11527432357893559,2934.088042764219
366,378.82503769999994,1335,15164,1345.1764252870703,15104.823416158628,2955,0.1171451297996963,0.11542408325288728,2933.9651181226645
367,379.33192192499996,1338,15246,1346.1880676798762,15077.716256313557,2954,0.11619211964337073,0.1156004991931858,2934.111372850971
368,379.83870079999997,1336,15327,1347.3624091145634,15051.436657681654,2941,0.11471660353084126,0.11580235639521501,2934.7501415660045
369,380.34537432499997,1346,15380,1348.1437631656177,15028.248522050038,2954,0.1145788798631894,0.11598845907529998,2935.174296133491
370,380.85194249999995,1365,15283,1348.2034700672461,15004.834809395168,2961,0.11467164822531974,0.11617445367530142,2934.890008833666
371,381.358405325,1348,15118,1348.0245985186268,14984.500509637532,2950,0.11633986928104575,0.11641551369189228,2935.61577838677
372,381.8647628,1335,15082,1347.9054791727754,14967.613649232992,2948,0.11733469120535389,0.11664813918280346,2936.74837482157
373,382.37101492499994,1338,15090,1348.475027746922,14953.675757095003,2963,0.11816463059918557,0.11687307809217652,2938.7561213163945
374,382.8771617,1349,15057,1349.556932206819,14945.109832612005,2968,0.11810621534870148,0.11714223086727904,2942.62313982191
375,383.38320312499997,1358,14974,1349.838048426892,14930.99546988578,2956,0.11736192714453585,0.11751058511441026,2946.4630455955403
376,383.88913919999993,1361,14833,1349.3269836236125,14912.966454506044,2941,0.11728028503562946,0.11801191770252033,2950.9078348319895
377,384.39496992499994,1357,14868,1348.7977530634637,14891.585403972622,2935,0.11679372363259566,0.11857093225640067,2955.588144691783
378,384.90069529999994,1362,14783,1348.4772248521795,14859.341593240784,2942,0.11772595186647791,0.11917862724680336,2959.417087589696
379,385.4063153249999,1361,14716,1347.8603592380089,14825.06942399573,2968,0.12032946461999251,0.11982293333543817,2963.0711001381114
380,385.91183,1352,14696,1346.942875263287,14786.814106774502,2976,0.12170263788968826,0.12054336481184232,2966.9151509659896
381,386.41723932499997,1352,14613,1346.0244173140695,14748.77917959608,2967,0.12178568735389488,0.12131645860834728,2971.4788556931635
382,386.9225433,1354,14726,1345.1813857618258,14713.082085664173,3000,0.12309303021238409,0.12213151270280745,2977.2717841853155
383,387.42774192499996,1347,14686,1344.5980203401857,14681.183741420817,3013,0.12489691880950596,0.12302759106741075,2985.0249609277093
384,387.9328352,1356,14735,1344.240934109467,14650.057124736406,3030,0.12512145900291502,0.1239642202694037,2993.757910711397
385,388.43782312499997,1355,14728,1343.8243448322467,14620.093478900713,3041,0.1260749270919016,0.12497276168677465,3003.7758952637078
386,388.9427056999999,1346,14493,1343.895444970415,14591.495186753667,3016,0.12702517684642883,0.126105818292797,3016.1905818930763
387,389.447482925,1336,14458,1344.2165394459412,14563.124328976593,3020,0.12833409541228472,0.12731649400673994,3029.9730005209053
388,389.95215479999996,1331,14281,1344.2819542911245,14535.539355364508,3018,0.13027027027027027,0.12856710379448272,3044.201839226198
389,390.456721325,1333,14225,1344.53477994969,14506.3083648551,3020,0.13085634502016755,0.12988657420037136,3059.185644068889
390,390.96118249999995,1338,14287,1344.6662891571466,14475.889804978317,3044,0.1317476252992509,0.13132859394828944,3075.194341887639
391,391.46553832499995,1336,14225,1344.1810686538508,14439.331604339572,3060,0.13375746760803786,0.13299423776488592,3092.157376157951
392,391.96978879999995,1332,14433,1343.423656254929,14399.375999456113,3105,0.13533318067323105,0.13487348591004866,3110.683571541764
393,392.473933925,1329,14541,1342.84355251532,14359.33862601617,3134,0.13661822585528308,0.13683397097465572,3129.8667693491893
394,392.9779737,1332,14477,1342.3201884527139,14322.600013590065,3154,0.1386078356789654,0.13887380328363516,3150.282815012737
395,393.48190812499996,1342,14530,1342.084894335067,14292.43104034039,3207,0.14141643918713984,0.1410770722017813,3174.1906724953524
396,393.98573719999996,1345,14406,1342.1007497338303,14262.468323178056,3226,0.14401653778424317,0.14346766983914105,3200.877437767498
397,394.489460925,1340,14299,1341.6994722417012,14230.041020181387,3255,0.14777374797438073,0.14609801595026656,3230.091757457638
398,394.9930793,1333,14181,1341.0153344356354,14200.2248975059,3270,0.15076276463262764,0.1489223385260095,3262.3225667624915
399,395.49659232499994,1335,13957,1340.1968334503356,14168.809712564,3278,0.15393756932340358,0.15192339326363968,3295.9397041834973
400,396.0,1336,13951,1339.7889872930048,14134.481392556752,3324,0.15759017043202536,0.15510995761835694,3331.133298602396
401,396.50330232499994,1337,13890,1339.3710163310352,14099.013658293235,3338,0.15940412650362462,0.15856783879702338,3369.509547215048
402,397.0064993,1343,13908,1339.2662347957794,14057.01750889008,3381,0.1621965777954636,0.16229857920940052,3409.8378672222952
403,397.509590925,1340,14162,1339.4061020634413,14014.370721873385,3470,0.16612072999532054,0.1662610430494014,3452.339350834607
404,398.0125772,1342,14240,1339.6342159505057,13971.242111938847,3536,0.1701038920762909,0.17049471654327056,3498.5194908151266
405,398.515458125,1342,14283,1340.000430360798,13923.74096808508,3594,0.17402055482574763,0.17510061464379567,3547.9398174363405
406,399.0182337,1351,14281,1340.22868015128,13870.580443497889,3661,0.17865429234338748,0.18009278223829236,3599.391107386282
407,399.52090392499997,1365,14096,1340.599628530632,13812.89972592784,3706,0.18388186316864347,0.18542077564894915,3653.4205304762713
408,400.02346879999993,1361,13940,1340.9422410473367,13756.573195315597,3734,0.18864774624373956,0.19109268391269638,3710.6644091598187
409,400.525928325,1350,13803,1340.8663842895394,13696.456273075008,3774,0.19465189111057576,0.19719453774988324,3770.7081700604053
410,401.02828249999993,1346,13625,1341.138666787444,13641.335998550103,3812,0.2008306865379917,0.20378492111840768,3837.796529932655
411,401.53053132499997,1346,13480,1341.2461890416287,13591.175564565187,3858,0.2070215922202077,0.21079535799308327,3911.289791388179
412,402.0326748,1339,13359,1340.9727966658104,13534.417585902025,3924,0.21505823627287854,0.21819903874958926,3987.5599673831034
413,402.53471292499995,1335,13261,1340.5721760402018,13477.92443769935,4017,0.22488680194532953,0.22609173882509687,4069.190219483942
414,403.0366457,1328,13191,1340.2084984937114,13419.449545855821,4104,0.2340048891511422,0.23440585152078847,4156.199325012944
415,403.538473125,1328,13166,1339.802894742777,13358.949579831675,4192,0.24193275891197838,0.24309584708768048,4246.735441346268
416,404.04019519999997,1338,13240,1339.9049582096734,13299.838659992045,4289,0.2479415224332045,0.2521521665356529,4341.256540351907
417,404.54181192499993,1344,13304,1340.056490520711,13242.003329633486,4402,0.255685618729097,0.2615680489660406,4440.883281614449
418,405.0433233,1339,13356,1339.722530521617,13191.96620534981,4540,0.26637263876175415,0.27142991706817277,4546.228430994953
419,405.54472932499993,1332,13325,1339.1290629459072,13145.65632290627,4658,0.27732844159092807,0.2817394244171098,4655.728442320235
420,406.04603,1329,13165,1338.5537611270668,13099.288228498695,4731,0.2874281851977019,0.292564985094855,4770.173956374912
421,406.547225325,1340,13057,1338.431040340639,13055.575913383973,4827,0.2976017751984296,0.3038465521214265,4889.074973385487
422,407.04831529999996,1339,12941,1338.7185213707867,13008.256200593196,4917,0.3083951042923634,0.31548295041436847,5009.677795646465
423,407.54929992499996,1334,12749,1338.8701669346726,12958.367211035107,5000,0.32115637319316687,0.3275390232176443,5132.923622279001
424,408.0501792,1339,12739,1338.4065550748346,12902.843620466809,5165,0.3356140350877193,0.33991223345749166,5255.679539740323
425,408.550953125,1335,12748,1337.642959070395,12835.645858343092,5331,0.3501270481030404,0.3525630972163273,5375.571247366768
426,409.05162169999994,1346,12644,1336.6204670547208,12768.631407279652,5433,0.36174544167109224,0.36550724235802656,5497.452739586295
427,409.552184925,1342,12651,1335.8307322928915,12705.122245124221,5576,0.37439207710672917,0.37868524178626,5623.7458379577165
428,410.05264279999994,1332,12641,1335.7565063761097,12645.820879294872,5727,0.38862852595278097,0.39201876168724037,5753.04018211047
429,410.552995325,1336,12503,1335.4803279802231,12599.065822555196,5845,0.4037789916718904,0.4055622772590541,5887.155949172009
430,411.05324249999995,1333,12504,1335.4322181702612,12566.463136197635,6005,0.41822576313669324,0.41922790048024405,6028.497995424469
431,411.55338432499997,1330,12615,1335.6819180502134,12548.753312645571,6203,0.4318121400088613,0.4328321578333287,6175.741851457446
432,412.05342079999997,1325,12644,1335.9465220050029,12542.914516749857,6377,0.4463291810230586,0.44648227478252933,6328.680966726192
433,412.553351925,1328,12696,1336.3221590522746,12542.556977507744,6585,0.4624384236453202,0.46017504275037635,6485.925185168283
434,413.0531777,1336,12808,1336.6230039185227,12547.148927495286,6806,0.476813110181311,0.4738190840407086,6645.645518584666
435,413.55289812499996,1335,12730,1336.4360461165343,12554.065550748363,6891,0.48758227292672224,0.48739320441709194,6805.554327391204
436,414.05251319999996,1343,12596,1336.2234931708274,12555.739337244091,6982,0.501110814893806,0.5008112683432405,6960.511789621375
437,414.55202292499996,1351,12606,1336.2044440417421,12549.735645201237,7154,0.5155930697467792,0.5139831716733239,7107.7219869078335
438,415.0514273,1348,12569,1335.9224897505915,12541.674692518278,7261,0.5269583816059175,0.5268671644634569,7250.405830256493
439,415.55072632499997,1342,12444,1335.3549570771447,12535.962082946147,7348,0.5409836065573771,0.5395546523600935,7392.668010600325
440,416.04991999999993,1345,12418,1334.4287299825335,12530.870914403258,7491,0.5550438002348054,0.5520154689423062,7532.580420847441
441,416.54900832499993,1332,12405,1333.6136039321136,12522.53045369067,7637,0.569403052469972,0.5641145780949808,7665.479557860732
442,417.0479912999999,1326,12272,1333.1986907970481,12511.254841559026,7729,0.5849625433948474,0.5757662628289522,7789.290742712029
443,417.546868925,1336,12197,1333.0316201952223,12500.624589458183,7817,0.5967222171070804,0.5870355538305814,7907.210333189727
444,418.0456412,1340,12201,1332.8343563840376,12497.550952456213,7933,0.6070343430623332,0.5978974636383297,8023.793336202251
445,418.544308125,1341,12182,1332.6560057985205,12505.821490860257,7999,0.614149986163638,0.6081573074421687,8140.688418763577
446,419.0428697,1335,12205,1332.751863009329,12521.23653989874,8101,0.6224471021159154,0.6179484343859308,8258.34841106238
447,419.54132592499997,1323,12284,1333.5255611678379,12540.506625291386,8257,0.6326065140041967,0.6273932480374746,8375.501460961583
448,420.03967679999994,1320,12353,1334.4580171691061,12557.031824050133,8385,0.6403516722559593,0.6363608922818984,8485.928650705402
449,420.53792232499995,1331,12532,1335.3298375953898,12561.187365512002,8604,0.6493170252656013,0.6448841350067082,8584.079707354475
450,421.03606249999996,1342,12836,1336.0970350404057,12557.44021382114,8909,0.6583434835566383,0.6529209388740363,8670.872635846625
451,421.53409732499995,1353,12987,1336.6787696210304,12552.070828331092,9098,0.6657211621110538,0.6605147304549134,8751.004598065472
452,422.0320267999999,1348,12986,1337.5562526897295,12545.09848467665,9159,0.6711634301426362,0.6676736842678658,8826.163944823043
453,422.529850925,1330,13049,1337.900337493462,12539.149992072062,9275,0.6779588702107688,0.6742092055641007,8894.726902081418
454,423.02756969999996,1333,13111,1336.9608371650293,12532.02885682551,9363,0.6817795890643573,0.6802943875005358,8956.883825228033
455,423.525183125,1326,12976,1336.3524202133428,12519.175723119199,9321,0.6862660944206008,0.6860478241280101,9012.529457065672
456,424.02269119999994,1313,12769,1336.7956465604852,12505.666085301804,9275,0.6950069832402235,0.6913034571606268,9062.45244512882
457,424.52009392499997,1319,12598,1337.9411085188535,12496.03023851026,9202,0.6989094777905843,0.6960710767381796,9108.898140388055
458,425.0173913,1331,12421,1338.9338376859923,12485.620920065901,9106,0.7010820559062219,0.7004343968519166,9149.793064395393
459,425.514583325,1334,12235,1340.0874538494386,12473.560533647182,9001,0.7033299697275479,0.7044695101589042,9185.28150127958
460,426.01167,1344,12111,1342.1007270832606,12464.338127703673,8935,0.7050246122411071,0.708165190276741,9218.215859928701
461,426.50865132499996,1345,12179,1344.392511721644,12454.238148089185,9010,0.7074949233893298,0.7114771436006437,9246.539831026574
462,427.0055272999999,1342,12367,1346.7220775102237,12441.514915399883,9180,0.7109297052154195,0.7145285147013093,9270.83338240939
463,427.502297925,1347,12392,1349.1606604905853,12429.55799678338,9255,0.7159800814848347,0.7172352948914912,9291.773539604344
464,427.99896319999993,1356,12267,1351.2904482547478,12410.111599356487,9194,0.7183576207497021,0.7194809519762486,9302.19502140461
465,428.495523125,1365,12201,1353.3148882194128,12375.649006772284,9161,0.719453672942045,0.7214127596944293,9298.8299395228
466,428.9919777,1365,12314,1355.6433894312183,12334.969195225023,9273,0.7222577404329162,0.7232211140286784,9289.921085415119
467,429.488326925,1366,12562,1357.4149357856088,12299.08133819542,9474,0.7241872097177563,0.7249603345496465,9283.6960746561
468,429.9845708,1370,12739,1358.8861582368538,12267.273029966469,9595,0.7234585275749846,0.7265857365883297,9279.649980746837
469,430.48070932499996,1373,12699,1360.8129289451367,12236.746698679237,9582,0.7247925128024015,0.7279215358097021,9273.804842691616
470,430.97674249999994,1371,12424,1363.1167183854411,12207.689800448248,9467,0.732470822401158,0.728936726897998,9265.606786110491
471,431.47267032499997,1362,12091,1365.149221952906,12179.816711590063,9240,0.7342716003355392,0.7296752248302697,9255.319463634332
472,431.9684928,1352,11847,1366.7560533647159,12154.886724500888,9017,0.7303477846593616,0.7302448499123061,9245.23925796716
473,432.464209925,1347,11775,1367.9791841264546,12135.671951799355,8957,0.7297660145761412,0.7307807361242934,9238.716596072214
474,432.95982169999996,1344,11941,1369.1513284558844,12123.21352691997,9069,0.7289798999716901,0.7311217515307056,9234.760651430206
475,433.45532812499994,1353,12162,1370.285170672016,12117.544791501274,9254,0.730964936626885,0.7312704297571332,9233.168746743806
476,433.95072919999996,1357,12221,1371.501800720262,12125.006160954716,9305,0.7315905743740795,0.7313952827125972,9240.28363043313
477,434.44602492499996,1361,12161,1373.1307617386315,12146.048291014287,9228,0.7284259259259259,0.731470786138088,9256.510702393987
478,434.94121529999995,1381,12106,1374.40143604609,12175.771183945042,9235,0.7323076923076923,0.7313627347026797,9276.747763256068
479,435.436300325,1425,12107,1375.1679992751554,12216.583909035078,9246,0.7321662609998127,0.7312339468154243,9304.483159301279
480,435.9312799999999,1432,12126,1376.143649912769,12265.808557384984,9226,0.72881989900879,0.7310612134369177,9337.755034088928
481,436.42615432499997,1405,12101,1376.6464472581224,12315.088382522586,9220,0.7306469708302169,0.7307884777903788,9369.94172008408
482,436.92092329999997,1384,12038,1376.452807538083,12363.052345466253,9182,0.7319316688567674,0.7305203874487818,9401.219937031237
483,437.41558692499996,1387,12065,1376.1642392805916,12411.22856689822,9202,0.7318786289567335,0.7301433127761019,9431.481687014248
484,437.9101452,1387,12170,1375.7403338693705,12459.175745769771,9276,0.7316145785031994,0.7296176810705054,9459.935355274003
485,438.404598125,1367,12218,1375.2263697931737,12505.153774717193,9297,0.7308082204405124,0.7289679730726153,9485.62085211425
486,438.8989457,1355,12214,1375.3009128179308,12548.057645699548,9261,0.7280596740031311,0.7282499907333355,9508.55709076065
487,439.39318792499995,1360,12194,1375.1712609571866,12591.485424358181,9201,0.7237400775336902,0.7275016505657315,9531.444811886837
488,439.8873248,1365,12192,1374.9235543273649,12639.489546761857,9202,0.7238385517687264,0.7266600852000544,9556.49409952642
489,440.38135632499996,1375,12448,1374.9689007678278,12688.330811569665,9413,0.7259098708570396,0.725836144400617,9582.402500622706
490,440.8752824999999,1375,12928,1375.3044689573678,12733.198260436006,9773,0.7269107591101879,0.7250201702486058,9605.592221794195
491,441.36910332499997,1369,13271,1375.9534757298884,12774.560307141479,9968,0.7224836161989582,0.7241786621932949,9626.027520441956
492,441.8628188,1375,13278,1376.756914086363,12814.830437835266,9910,0.7170461228261783,0.7233220900471531,9645.59840539971
493,442.35642892500005,1378,13157,1377.4337131078585,12856.71763799835,9805,0.7154257577043892,0.7223603464039641,9665.300391854671
494,442.84993369999995,1371,13149,1377.8042990780955,12900.686923825888,9824,0.717694005773476,0.7213460859025305,9685.915694579535
495,443.34333312499996,1360,13204,1378.6238419895994,12943.670955174273,9904,0.7213779128672746,0.7203568005671918,9706.231511472328
496,443.83662719999995,1368,13246,1379.5664227955072,12977.945027067184,9939,0.7215861256103722,0.7194679800536175,9721.41432422007
497,444.32981592499993,1375,13269,1380.1305578835045,12996.105936714059,9937,0.7198587523120902,0.7185326465755293,9724.377811501772
498,444.8228992999999,1373,13257,1380.0931164918534,12995.528822849647,9881,0.715920565466173,0.7174818089028095,9712.578676753536
499,445.315877325,1366,13200,1379.3121928016228,12981.411945910191,9836,0.7157343248267704,0.7163585034945795,9690.18917755763
500,445.80875000000003,1373,13271,1378.1370812475668,12964.866769349,9915,0.7179357875273155,0.7151501103476573,9665.118462479146
501,446.30151732499996,1379,13304,1377.3055108835724,12951.390110761038,9914,0.7157232704402515,0.7140170731702777,9643.228340392578
502,446.7941793,1376,13203,1376.7891684975611,12939.106933339124,9814,0.7134522702291367,0.7128925032692166,9622.311898344058
503,447.286735925,1384,13110,1376.3482525085242,12927.249654578567,9763,0.7145659218829951,0.7116389884408449,9600.088223968649
504,447.7791871999999,1382,12983,1376.0378944030176,12915.683707444992,9645,0.7122661839496595,0.7104658449527439,9578.693537792293
505,448.271533125,1374,12942,1376.6049061133624,12902.859928876964,9563,0.7079011065006916,0.7092151760565895,9555.634238600918
506,448.7637737,1378,12981,1377.8085120840524,12887.260322996875,9571,0.7061104886667241,0.7078934939392209,9529.960429454619
507,449.25590892499997,1382,12963,1378.4474620036428,12867.721851004306,9558,0.7059839392107763,0.706720126376859,9502.813925570046
508,449.74793879999993,1384,12881,1378.7359623094255,12842.218713900409,9501,0.7060102635470122,0.7056031337645146,9471.822600738227
509,450.239863325,1396,12751,1379.174794446054,12808.689052979436,9415,0.7062087186261559,0.7044554175182243,9434.946340800288
510,450.73168250000003,1400,12606,1379.6374549819666,12764.938503703124,9312,0.7060503301802605,0.7032662656205909,9390.705565244785
511,451.22339632499995,1388,12503,1379.7596095041524,12710.505832521443,9208,0.7035537561853351,0.7020372867407647,9338.636571609597
512,451.7150048,1394,12446,1379.7750798432314,12644.966137398113,9135,0.7004162142598624,0.7007997729702777,9278.812725089858
513,452.206507925,1393,12383,1380.173458062444,12571.055629798848,9094,0.7007279344858963,0.6995008821708572,9212.650501709943
514,452.6979057,1385,12289,1380.3660558562785,12494.979274728517,9015,0.6997432134996332,0.6981644400742878,9144.330947473154
515,453.18919812499996,1381,12179,1380.574509048876,12427.42888853631,8906,0.6968883126504908,0.6969446006990638,9083.290312351182
516,453.68038519999993,1377,12073,1380.4310856417774,12382.571383270051,8798,0.693810770381451,0.6958358549991612,9039.355772497503
517,454.171466925,1369,12058,1379.7198351038264,12360.015878049097,8768,0.6922069417157826,0.6945885159628983,9009.17148746274
518,454.66244329999995,1371,12129,1379.3726245214805,12344.85752791659,8831,0.6934374419036996,0.6931501178088562,8981.934630455786
519,455.153314325,1384,12169,1378.9716641373266,12328.39590930688,8830,0.6904033379694019,0.6916381611481569,8952.891639674566
520,455.64408000000003,1371,12112,1378.749326145526,12313.234682552033,8744,0.6864351550134997,0.6902262978257898,8926.031529592798
521,456.13474032499994,1362,12043,1378.6200366938965,12304.443475503174,8701,0.6871079486939425,0.6889927171147323,8905.738997485616
522,456.62529529999995,1361,12110,1378.4419352646455,12304.972388955348,8760,0.6883431016838776,0.6877945400929436,8892.257536976884
523,457.11574492499994,1365,12326,1378.328773018615,12312.245509524328,8887,0.686251254447587,0.6866110055193485,8883.607941289552
524,457.60608919999993,1379,12546,1378.0868422840572,12321.711159935434,9036,0.6856810244470314,0.6853947039149636,8876.059117986648
525,458.0963281249999,1384,12664,1377.3488187727655,12330.626174998066,9116,0.6854609929078014,0.6842000569700681,8868.316292554588
526,458.5864617,1376,12698,1376.665066026384,12339.970758114328,9106,0.6827415650945062,0.6831456510943287,8862.767469251681
527,459.07648992500003,1363,12656,1375.8925003963586,12347.50449613784,9055,0.6811299034800319,0.6821831251099169,8857.196720197342
528,459.56641279999997,1357,12498,1375.190128881715,12350.026727671966,8936,0.6802800466744457,0.6811979671011135,8848.124193073285
529,460.056230325,1368,12301,1374.753810958319,12346.19839633943,8799,0.6796853562608616,0.6802738018127769,8835.72142064356
530,460.5459425,1387,12174,1374.400960384127,12334.68479467235,8736,0.6812830258644665,0.6793292894512735,8818.025051529876
531,461.0355493249999,1384,12098,1373.8390903530958,12324.16888264716,8664,0.679484786260967,0.6783250413838322,8800.320732066242
532,461.5250507999999,1386,12000,1372.829260005863,12320.727219189326,8551,0.6750518183531186,0.6772937327152757,8786.988448209304
533,462.014446925,1382,11906,1371.8903938933802,12319.6753493848,8468,0.6733181299885975,0.6762630157118042,8775.377381140968
534,462.5037377,1383,11966,1371.070986885294,12316.46367981131,8512,0.6736275158272701,0.675287411107152,8763.072980135283
535,462.99292312499995,1386,12223,1370.5940564904945,12311.943079118202,8697,0.6746332010704069,0.6743484500638073,8750.35171804554
536,463.4820032,1379,12506,1370.368773924638,12308.514983351595,8896,0.6755639435607081,0.6734821721693239,8739.141226301674
537,463.97097792499994,1367,12811,1369.9026931527064,12309.218396792443,9074,0.6734533379937085,0.6726051428424119,8730.356452014601
538,464.4598473,1352,13054,1369.710503069126,12315.039525243825,9202,0.6708254999145445,0.6716431610532114,8723.950327300565
539,464.948611325,1357,13127,1369.44229767376,12321.261931187333,9262,0.6716227697536109,0.6707490658640518,8718.492808443965
540,465.43727,1362,13120,1368.5279394776517,12324.9165779517,9236,0.6696717128763395,0.6699402701383986,8712.104690932812
541,465.9258233249999,1372,12902,1367.3741647602174,12329.121565607138,9064,0.6671292281006072,0.6691473251672226,8706.142562685285
542,466.4142713,1385,12589,1366.7642981720728,12334.147228702564,8864,0.667529453766512,0.6683005011588894,8700.175111553888
543,466.90261392499997,1379,12439,1366.1277492128665,12339.304514258296,8770,0.6682640144665462,0.6673668641718963,8693.129221499754
544,467.39085120000004,1385,12436,1365.499784819562,12346.715010532278,8774,0.668627273549905,0.6664607704414933,8687.772067317324
545,467.878983125,1372,12452,1365.7177512514177,12359.561507621682,8766,0.6673285198555957,0.6654838980320862,8685.410836032359
546,468.3670096999999,1353,12362,1365.6719744501315,12377.853767922028,8679,0.665455536379326,0.664397633324804,8685.138576185027
547,468.85493092499996,1356,12145,1365.2372647171815,12399.719903055326,8537,0.6655853183798313,0.6633439590603648,8687.219416068148
548,469.3427468,1356,11973,1364.6065369543783,12429.22179437789,8413,0.6646887067909956,0.6623521384784801,8694.80534100416
549,469.830457325,1354,11908,1363.8199959228714,12474.193277310686,8349,0.662781883646011,0.6613804855684594,8712.941017916435
550,470.3180625,1359,11886,1363.6162313981933,12534.331332532773,8334,0.6625819321744086,0.6604322313034072,8741.58427144426
551,470.805562325,1360,11977,1363.6521325511076,12603.107205145967,8380,0.6612037298671941,0.6595226730562246,8776.507350109689
552,471.29295679999996,1367,12152,1363.454053319415,12676.085166141687,8452,0.6569309225776542,0.658543421983875,8813.226573648157
553,471.7802459249999,1360,12339,1362.9873609821027,12747.878728849788,8562,0.6559795974132434,0.6575076611962556,8848.211828127309
554,472.2674297,1357,12612,1362.3809825816857,12805.452490429889,8738,0.6557974233673922,0.6564978321353659,8874.226936057272
555,472.7545081249999,1350,12937,1362.0214047883046,12788.848943350678,8942,0.6552170535945456,0.655435435169343,8850.989784592914
556,473.24148119999995,1345,13084,1362.2603682982365,12656.733040385725,9016,0.6534628162535139,0.6546346919634223,8758.54596933096
557,473.728348925,1361,13122,1362.2558155337347,12555.98459761239,9038,0.6527506164441799,0.6539103581826504,8688.264649255761
558,474.2151113,1362,13282,1361.9632607759822,12623.88146956872,9145,0.6529362416107383,0.6530614248437198,8723.46039547878
559,474.701768325,1360,13563,1361.51197082604,12831.49224217965,9313,0.6517249856592641,0.6521422015544402,8846.234025685575
560,475.18832,1362,13791,1361.1973997145767,13121.67111372826,9461,0.6516212084640759,0.6512506771869307,9021.910779405927
561,475.67476632499995,1361,13923,1361.329180728869,13465.968130648227,9529,0.6502149339277186,0.650414062221532,9232.9272237195
562,476.1611072999999,1360,13978,1361.4750503974917,13840.325624589193,9552,0.649231256934538,0.6496588252639746,9464.283562481414
563,476.647342925,1359,14029,1361.6213504269372,14228.754513125732,9594,0.6499605367008682,0.6489394896115769,9705.633287276989
564,477.1334732,1364,14235,1361.2957484880485,14625.522956352072,9718,0.6490560174034652,0.6482254711874403,9952.70388910262
565,477.61949812499995,1383,14530,1360.780901039635,15027.493034949543,9879,0.6462310793336883,0.6475656821879886,10203.604815510915
566,478.1054177,1394,14713,1360.8735645201216,15434.561824729597,9963,0.6433666191155493,0.6468269336237588,10456.4829780967
567,478.591231925,1377,14885,1361.5868989104815,15839.151872069278,10050,0.6420639620965354,0.6460764392774839,10707.777548755148
568,479.0769408,1372,15184,1362.8451607057655,16237.938390450206,10257,0.6432812047494932,0.6454532146864747,10957.235724478262
569,479.562544325,1375,15543,1363.920224693625,16633.54528981372,10499,0.6439864483342744,0.6448526105678821,11204.170989150161
570,480.04804249999995,1361,15809,1365.362794174247,17022.79394776746,10666,0.6440337763012182,0.6442863849096641,11447.10659358061
571,480.533435325,1357,15992,1366.5148247978177,17404.65883711942,10784,0.6441407584557568,0.6437474254804855,11685.4251738429
572,481.0187228,1359,16225,1367.0966499807207,17776.380280413712,10934,0.6440871787972555,0.6432024590466192,11916.683299734757
573,481.5039049249999,1362,16471,1367.9948583206606,18133.72746834548,11094,0.6441193990336885,0.6427415564723591,12139.617024167923
574,481.98898169999995,1370,16635,1369.1970146548922,18477.876599696123,11175,0.6423190304618408,0.6422941382870703,12353.807334254221
575,482.473953125,1365,16861,1370.0986885319905,18811.64538268101,11310,0.6417785234899329,0.6418264849598398,12560.53376067384
576,482.9588192,1364,17268,1370.9299191374403,19129.63928967777,11562,0.6412223340040242,0.6414351445265468,12757.922806858349
577,483.443579925,1366,17814,1372.2219302815201,19420.38014451026,11924,0.6419017509727627,0.641095986391631,12938.783301999798
578,483.9282353,1362,18552,1373.9902829055886,19686.572923508647,12421,0.6433391506689936,0.6407138266757941,13103.920134091122
579,484.41278532499996,1358,19739,1375.4237015560677,19945.61392103973,13175,0.6428921168598009,0.6403499269850642,13264.517995877344
580,484.8972299999999,1358,23291,1376.7653174477073,20206.86484405044,15521,0.6457392969498017,0.6399915125750733,13426.183741420838
581,485.381569325,1357,29114,1377.9658655914934,20459.58769168005,19128,0.6402348957019851,0.6397063978646913,13583.632403904698
582,485.8658032999999,1365,30576,1379.0703979704824,20686.69689007639,19974,0.637054534250796,0.6394464819437561,13725.30132052795
583,486.34993192499996,1382,27001,1380.2605721533632,20885.94842465248,17714,0.6374956087278972,0.639178702204944,13848.805001245517
584,486.8339552,1391,23593,1381.1125280300535,21069.134657636234,15570,0.6386361589046032,0.6389690950933122,13962.695644295189
585,487.3178731249999,1396,21659,1382.0787107295482,21248.21334571524,14339,0.6387504318215467,0.6387807097536928,14074.3912432895
586,487.8016857,1393,20544,1383.5580194341621,21424.961403428886,13632,0.6390788992741894,0.6386118889448642,14184.781467303634
587,488.285392925,1394,20107,1384.7482615687518,21588.41443747269,13350,0.6389141238711057,0.6383744823043819,14285.034202359913
588,488.7689948,1388,20199,1385.2448753085873,21726.7061994605,13375,0.637233533570783,0.6380746064203948,14367.470973294705
589,489.25249132499994,1392,20454,1385.9824458084854,21839.881107159425,13507,0.6355576539712517,0.637839121707619,14434.748193616791
590,489.7358825,1407,20665,1386.847312509883,21935.180796846616,13647,0.63558001869353,0.637658782171996,14491.746698679191
591,490.21916832499994,1396,20780,1387.8065188339222,22016.79349475597,13758,0.6377424680148576,0.6374701485439629,14540.343790346047
592,490.7023488,1389,20881,1389.2635620285585,22084.658338806796,13805,0.6369792735481223,0.6371983487483048,14579.023692495586
593,491.185423925,1389,20898,1390.6448617182457,22142.404675077152,13760,0.6341175867548311,0.6368744698614369,14610.235497972491
594,491.6683937,1396,20880,1392.2387370042086,22196.59663865504,13775,0.6353418189283515,0.6365722772693823,14639.275544179654
595,492.151258125,1397,21052,1394.3692948877397,22245.07116808945,13905,0.6363775120834393,0.6362749146615081,14664.629232824924
596,492.6340171999999,1401,21249,1395.9801581009494,22276.63639040479,14029,0.6362353889560661,0.6360327847524189,14680.069446646301
597,493.116670925,1406,21392,1397.2274343699478,22284.79446873046,14129,0.6365956169318523,0.6358415259843224,14681.384765226565
598,493.59921929999996,1401,21474,1398.42417721803,22273.50370336771,14166,0.6359288596622329,0.6357051359154775,14671.35368864499
599,494.0816623249999,1392,21458,1398.9555822328666,22251.032027905076,14170,0.63679856473637,0.6356598981004538,14655.82722145434
600,494.56399999999996,1401,21345,1399.5154363631978,22221.66343518497,14124,0.637936221419976,0.6355457361346778,14634.484993997317
601,495.046232325,1411,21368,1400.2364719472428,22180.850392986955,14135,0.6375707771709175,0.6353769699768888,14604.609957190145
602,495.5283592999999,1399,21879,1400.878910054561,22123.597069015857,14440,0.636767578125,0.6352498293773997,14565.206369339907
603,496.01038092499994,1391,22437,1401.3579696029085,22056.315658338386,14771,0.6357502613323197,0.6352128672356685,14521.228657500456
604,496.49229719999994,1396,22428,1401.4816417132624,21993.72572425154,14762,0.6355077976416889,0.6353134825383303,14482.952456454
605,496.97410812500004,1396,22125,1401.5408956034976,21954.852227683106,14592,0.6365960731342564,0.6354322808142349,14460.255521076078
606,497.4558136999999,1392,22201,1401.3869396815062,22018.669165779098,14606,0.6350136959969244,0.6356118862955815,14504.703571994556
607,497.937413925,1386,22710,1400.7775487553245,22277.908129289026,14895,0.63351153629713,0.635604126527741,14669.897166413453
608,498.41890879999994,1396,23231,1400.2052594622485,22624.340347459307,15239,0.633982138768033,0.6354816479374841,14887.619991392497
609,498.900298325,1409,23493,1400.0740673627674,22905.336089152206,15392,0.6331733381633762,0.6353361823619562,15063.319395682513
610,499.3815824999999,1404,23458,1400.3604611655715,23112.153842668704,15344,0.6320848825609867,0.6352248381988997,15192.601780334482
611,499.86276132499995,1387,23261,1401.577453622932,23273.998233255115,15213,0.6320746091249886,0.6351138800325026,15293.425128541689
612,500.34383479999997,1393,23285,1403.053591247793,23402.981947495533,15271,0.6339302028138133,0.6349998067896733,15373.173050351921
613,500.824802925,1415,23615,1404.4995583138646,23513.367437540604,15541,0.6363063063063064,0.6349068964460359,15441.492378083012
614,501.30566569999996,1406,23940,1404.8032118507513,23621.006885772724,15747,0.636416082364427,0.6347555397695795,15506.434528528098
615,501.78642312499994,1406,24179,1405.196720197486,23730.72642641917,15871,0.635182013788258,0.6345343001735694,15571.285125370603
616,502.2670751999999,1425,24381,1406.7821015198263,23841.87456114476,15971,0.6336469768252309,0.6343123066732436,15637.45486873965
617,502.747621925,1427,24473,1407.9137013295613,23951.84672359464,16039,0.6340362752755359,0.6342028460126063,15705.07345579711
618,503.22806330000003,1419,24392,1408.3794649935176,24056.801603659867,16000,0.6347016062334044,0.634106223623027,15769.635189924724
619,503.70839932499996,1409,24158,1408.5992887720856,24150.821332306048,15868,0.6355883775110994,0.6339394287124857,15825.896192438937
620,504.18863,1393,24016,1408.8904844956583,24235.892862805034,15804,0.6370065862175662,0.6337574464164949,15875.995741692597
621,504.668755325,1393,24156,1409.284649708913,24320.345806246554,15876,0.6362518121512981,0.6335427601268695,15924.783868263981
622,505.1487753,1396,24456,1410.1691997553469,24406.79689234138,16054,0.6356461405030356,0.6333133694677388,15974.635189924718
623,505.628689925,1394,24701,1411.1846247932865,24492.013703594177,16186,0.6346591152872527,0.63305325077433,16022.927382273356
624,506.1084992,1416,24683,1411.7763256245623,24566.98466556387,16127,0.63226887866936,0.6327378181485496,16063.312102199061
625,506.58820312499995,1423,24384,1412.1929828534917,24625.36970259755,15963,0.6332476808501372,0.6324322351661421,16093.240209290956
626,507.0678016999999,1412,24236,1413.0566264241274,24670.724433169024,15908,0.6351209253417456,0.6321561237959864,16115.553489319947
627,507.54729492499996,1411,24450,1414.5489365557276,24713.74787650862,16011,0.6337080602456704,0.6319244948272302,16137.636186549782
628,508.0266828,1416,24666,1415.7678769620784,24767.666810119797,16101,0.6316129032258064,0.6316813584247993,16166.295114271818
629,508.5059653249999,1422,24670,1416.5121973317362,24828.85034768577,16032,0.6284411562284927,0.6314153325466657,16198.931935037856
630,508.98514249999994,1417,24615,1417.130739088061,24879.804820040747,15967,0.6272092421760497,0.6311724650635712,16225.602437200983
631,509.46421432499994,1420,24677,1418.0076105913788,24915.4863530313,16029,0.628154964096831,0.6309424381058975,16242.812883643714
632,509.94318079999994,1431,24793,1418.869374164733,24944.929987088693,16131,0.6292269497474531,0.6306880755293988,16255.593309021408
633,510.4220419249999,1436,24990,1419.1826768442954,24979.676368660195,16264,0.629532138914834,0.630424613487367,16271.452671634379
634,510.9007977,1439,25195,1419.2559740877211,25022.704228860875,16411,0.6302407812763091,0.6301488095423202,16292.122131871303
635,511.37944812499995,1437,25216,1419.6463566558425,25066.614419352165,16417,0.6299676184869002,0.6297833831297368,16311.311400031396
636,511.8579931999999,1412,25186,1420.366758023937,25104.777050442342,16389,0.6299739210902667,0.629374901787458,16325.991256879799
637,512.3364329249999,1398,25242,1420.933679132003,25134.05341004278,16431,0.6304730749874182,0.6289597394727506,16334.828535187346
638,512.8147673,1396,25318,1421.6563908582027,25158.959206323554,16460,0.6297132346793747,0.6286012002632464,16342.17798817609
639,513.292996325,1427,25320,1422.8316836168153,25187.39375750252,16479,0.6299753065751476,0.6283438184984751,16354.192711046368
640,513.77112,1429,25316,1423.695961403402,25220.318602912375,16488,0.6304265918700548,0.6281456199152201,16370.33647421201
641,514.249138325,1404,25296,1424.3122607533307,25257.125280300315,16459,0.6301272392432613,0.6279766512651136,16389.594939862425
642,514.7270513,1407,25259,1425.0205214160862,25300.161974223167,16390,0.6281653530102298,0.6278226056956815,16413.263743232827
643,515.2048589249999,1421,25328,1425.7009671792975,25349.498380483783,16399,0.6265110637051909,0.627698849175281,16441.61385308809
644,515.6825612,1429,25516,1426.070126163646,25398.41778975692,16483,0.6249844314360443,0.6275991641670369,16470.08061337711
645,516.160158125,1435,25592,1426.1496749642981,25434.902715802815,16545,0.6254915759407211,0.6275505774078509,16491.59684251027
646,516.6376496999999,1435,25559,1425.794491381431,25460.970078596984,16558,0.6268860885425303,0.6276095769983208,16508.741624951548
647,517.1150359249999,1424,25450,1425.6716573421547,25492.08983215879,16483,0.6267793224007325,0.6277414195999382,16531.005504088113
648,517.5923167999999,1426,25380,1425.638293053043,25536.942082492882,16467,0.6279118310094347,0.6279457276636176,16563.899091711835
649,518.0694923249999,1438,25556,1425.1600036240638,25594.814333279992,16611,0.6291151836802388,0.6282156109885744,16606.643094973522
650,518.5465624999999,1437,25872,1425.0596842510313,25655.363292486316,16829,0.6299161039492531,0.6285062137690665,16651.887177512195
651,519.0235273249999,1432,25964,1425.3524655144804,25708.021631293534,16905,0.6307272134355127,0.6288680934320101,16693.956125846245
652,519.5003868,1422,25776,1425.131984869392,25754.05664907423,16756,0.6296296296296297,0.629343803935318,16734.266302747194
653,519.977140925,1419,25612,1424.441301048694,25802.519807922676,16657,0.629851609969826,0.6298737320528243,16777.288998617994
654,520.4537896999999,1425,25685,1424.1261410224195,25849.12793041696,16713,0.6301731244847486,0.6304226129252136,16819.55104305841
655,520.930333125,1433,25834,1424.2748193616796,25882.75005096328,16796,0.629605344043277,0.6310210616631183,16854.852839248586
656,521.4067712,1423,25816,1423.9932048290743,25911.075607601037,16813,0.6309187061862009,0.6316947635629876,16888.64948243416
657,521.883103925,1416,25819,1423.6325171577794,25945.91852590043,16813,0.630947014711306,0.6324045888546936,16927.413780606257
658,522.3593313,1424,25902,1423.4927178418266,25992.059638949424,16850,0.6301985456328132,0.6330775170955117,16972.257083965338
659,522.835453325,1440,25989,1423.4944166345513,26055.024462614732,16943,0.6315124852336144,0.6337851459819088,17028.920202042755
660,523.31147,1444,26147,1423.7278081043466,26137.95782463879,17120,0.63457879609764,0.6346367440838696,17102.628802464056
661,523.787381325,1429,26261,1423.645994246728,26236.181997326734,17223,0.6360341494845361,0.6355927434419698,17189.347323834863
662,524.2631873,1413,26289,1422.918616503178,26342.996511811765,17271,0.6374819102749638,0.6366924419509166,17285.560896056206
663,524.738887925,1406,26354,1421.783890914829,26455.761648054937,17350,0.6390893057559724,0.6378793892023737,17387.767469251517
664,525.2144831999999,1407,26488,1420.2473895218195,26568.345715644242,17468,0.6403652166978988,0.6390491576751529,17488.878887403684
665,525.6899731249999,1404,26656,1419.6047249088044,26675.8818772787,17596,0.6412165373039759,0.6403301268776733,17589.589209268277
666,526.1653577,1407,26826,1418.8720016308139,26781.318829418047,17719,0.6417246941264408,0.6417383970152407,17692.060069310406
667,526.640636925,1421,26929,1417.518245033836,26887.72019751245,17802,0.6421906852752077,0.6432693798011786,17798.290901265827
668,527.1158108,1426,26940,1416.2554984257583,27000.983034722805,17860,0.644116955397037,0.6448760430874723,17911.792407528705
669,527.590879325,1431,26994,1415.3643344129832,27125.666243855518,17971,0.6470289089699957,0.6465413401044997,18035.258533601776
670,528.0658424999999,1432,27285,1414.9817209902556,27263.92665745491,18233,0.6498665532046571,0.6482266510587087,18168.859249359775
671,528.540700325,1429,27598,1414.575800131346,27409.683820697563,18489,0.6519163896213076,0.6499464202153195,18308.492581938088
672,529.0154527999999,1416,27680,1413.55344401909,27555.26174998248,18573,0.6532515991471215,0.6518414907219928,18452.87182042593
673,529.490099925,1409,27649,1411.9504632041223,27695.510249382238,18590,0.6547637195121951,0.653908830799022,18598.77005141644
674,529.9646416999999,1415,27609,1410.7862918752137,27834.22415003684,18601,0.6561044514010842,0.6560618199578099,18746.3735531945
675,530.4390781249999,1420,27657,1410.5994699766427,27985.872250786575,18666,0.6573160041163243,0.6582506048185478,18904.18541756289
676,530.9134091999999,1412,27741,1411.1804117873296,28154.231873881083,18796,0.6602605492042994,0.6605771021432916,19077.684681419378
677,531.3876349249999,1416,27886,1412.7194726947114,28329.194319236583,18974,0.6633169625991688,0.6630878104499349,19261.588348546597
678,531.8617552999999,1429,28100,1414.718158961671,28500.79569186111,19177,0.6654418656968243,0.6656926032150381,19447.020612018023
679,532.335770325,1420,28539,1417.3754558426872,28673.489207003004,19534,0.6679449832220952,0.6683161445558203,19634.928650705187
680,532.80968,1408,29247,1420.8189086955265,28857.348297809134,19998,0.6677682388016811,0.6709930307263469,19833.42204806413
681,533.2834843249999,1415,29710,1424.780561281089,29057.73084328015,20314,0.6679271956176003,0.673801815256279,20049.089107340667
682,533.7571833,1419,29917,1429.0372601870663,29263.601735033077,20559,0.6716260790230894,0.6767892899977836,20275.292282950522
683,534.230776925,1423,30024,1434.0101701057508,29462.251874334073,20839,0.6788573826089996,0.6798345076961916,20499.015674193815
684,534.7042651999999,1426,30026,1440.516500939971,29649.07112278817,20984,0.6838461538461539,0.6828369113010125,20713.753199392566
685,535.1776481249999,1425,29920,1448.4675077577924,29820.733833155333,20970,0.6859098087383751,0.6858137636523244,20916.971958594357
686,535.6509257,1439,29747,1456.8179120704604,29986.00663661634,20926,0.6883919740002826,0.6888805249906723,21118.105823461054
687,536.1240979249999,1440,29692,1464.6967541733393,30160.693651044745,20926,0.6897210816933315,0.6920735591265802,21331.044712224102
688,536.5971648,1440,29784,1471.8563500871765,30350.737955558998,21098,0.6935506632797065,0.6953697612241087,21560.177648417444
689,537.0701263249999,1451,30124,1478.812362680893,30552.05938979307,21527,0.7001708924772434,0.6987544613377024,21801.97932002948
690,537.5429825,1455,30606,1486.0578042537486,30758.16833903313,21974,0.7038866591197558,0.7022373071943411,22051.70520283543
691,538.0157333249999,1468,31030,1493.007134929415,30967.04401005626,22382,0.7074622826601719,0.7057963593020609,22306.94076875991
692,538.4883788,1471,31362,1499.5266483951784,31178.3261908531,22709,0.7105148706968653,0.7093755965512782,22565.732972433827
693,538.960918925,1476,31468,1505.8920700355327,31382.098937687682,22867,0.713223526273673,0.713000896696655,22821.55681895356
694,539.4333536999999,1485,31494,1511.68126118369,31563.33599854976,22983,0.7163850844746577,0.716736868201746,23064.654805317914
695,539.905683125,1486,31552,1517.1031733447805,31724.330743617596,23155,0.7207144282578327,0.7205425372180626,23295.227615574087
696,540.3779072,1506,31704,1522.4479603161728,31888.675236131574,23453,0.7267699847672031,0.7243515602479674,23528.895558222837
697,540.850025925,1546,32009,1527.2914222292397,32063.065731952545,23759,0.7291796605718412,0.7281724611467526,23771.26772973295
698,541.3220392999999,1579,32419,1531.0697184533897,32235.303540283418,24087,0.7298313878080415,0.7319791663089555,24012.71260957167
699,541.793947325,1593,32740,1534.440508278754,32403.5802396424,24470,0.7344848621054997,0.7357769533099836,24252.761557452704
700,542.26575,1601,32809,1537.6547826677545,32566.479580510826,24740,0.7414445014098949,0.7395520929683757,24490.234523997802
701,542.737447325,1604,32898,1540.280142245548,32715.182790096544,24915,0.7449031763277305,0.7432763210568404,24716.718226912933
702,543.2090393,1594,33122,1542.3427937212327,32847.48533375551,25132,0.7465744734838874,0.7469759909446774,24930.762622029466
703,543.680525925,1592,33387,1544.278262248266,32971.396724727,25402,0.7488598836295015,0.7506422837668155,25138.469342453478
704,544.1519072,1587,33466,1545.9046411016939,33096.36333778731,25650,0.7548229241820634,0.754323707270692,25349.255294570172
705,544.623183125,1585,33370,1546.6298443905564,33231.505809870476,25738,0.7598867390278433,0.7579911427960387,25568.21182812699
706,545.0943536999999,1595,33095,1546.1778296223854,33379.87739246578,25566,0.760984126984127,0.7614974250797348,25791.75127409405
707,545.5654189249999,1594,32942,1544.9351967201678,33535.291716686035,25469,0.7616115860660967,0.7648246937709067,26015.069582549502
708,546.0363788,1577,33194,1543.2259620829168,33696.40125484091,25749,0.7645254135433469,0.7680956838441042,26241.79643932995
709,546.507233325,1541,33709,1540.9284015492697,33858.76282588442,26303,0.7697712011937329,0.771490321696802,26474.22362907376
710,546.9779824999999,1511,34417,1538.019388887601,34008.48927495461,27068,0.776666869263964,0.7749930264596784,26701.09843937524
711,547.448626325,1502,34983,1534.4005526738706,34132.33103807495,27681,0.7819061557301156,0.778406809211314,26905.640150399267
712,547.9191648,1501,34984,1530.0548370291222,34223.74395795989,27764,0.7843681868410836,0.7816860376738619,27081.22347051976
713,548.389597925,1504,34608,1525.0471131848672,34293.035969103956,27566,0.7872764620589657,0.7847927506589396,27234.953090669707
714,548.8599257,1495,34284,1519.6597204919412,34363.36143513943,27418,0.7906005062673458,0.7877972842746258,27387.65380869277
715,549.3301481249999,1473,34164,1513.9370767174505,34450.745203741215,27395,0.7929399528922333,0.7907826473269001,27554.043919454045
716,549.8002652,1463,34099,1507.197127907738,34556.523817073336,27411,0.7950729256036279,0.7936934471315789,27733.017372986396
717,550.270276925,1462,34009,1500.1731862556053,34675.56875580354,27442,0.7982302516360955,0.796482961076137,27918.795102946304
718,550.7401832999999,1464,34166,1493.2646266053307,34799.27416249452,27620,0.7998287566509693,0.7991161443508639,28103.18088744878
719,551.2099843249999,1474,34770,1486.5986545561334,34914.6624838608,28107,0.799885872176838,0.8017025835228291,28280.171419510654
720,551.67968,1479,35407,1480.2803687512458,35019.95288681443,28682,0.8017861353454374,0.8043246526697323,28451.690729121292
721,552.149270325,1470,35525,1473.7026206708817,35121.33314457791,28912,0.8058141242108354,0.8069313435788168,28620.62565403465
722,552.6187553,1470,35437,1467.131010894896,35226.41323699223,28940,0.8087261165248624,0.8095269874818392,28792.88058619619
723,553.088134925,1478,35508,1461.4770662981894,35341.78724319849,29093,0.8114898618865707,0.8119476290099401,28968.22190763042
724,553.5574091999999,1467,35476,1457.042877528342,35469.30625835172,29144,0.8138139904143021,0.814159436899752,29146.92083625847
725,554.0265781249999,1458,35406,1453.550771251869,35597.676527213975,29157,0.8159243548957229,0.816305415120322,29324.09053432638
726,554.4956417,1463,35684,1450.664522412711,35705.71924618836,29467,0.8183279272961047,0.8184690982601894,29485.105891412604
727,554.964599925,1453,36091,1448.4399646650836,35796.36032526149,29900,0.8212656619897223,0.8205219979011261,29628.003850596273
728,555.4334527999999,1437,36307,1446.3246732655048,35883.534825250164,30190,0.8245770002867795,0.822382018625851,29761.10416996931
729,555.902200325,1436,36259,1444.297424630202,35968.59226709483,30163,0.8249432846107457,0.8241160764391651,29887.959342226884
730,556.3708425,1433,36109,1442.454393077958,36039.88099390631,30077,0.8260468335448149,0.8258150168693807,30001.6700944523
731,556.839379325,1434,36170,1441.3893632924592,36085.68751274025,30225,0.8288519115614924,0.8274897365108737,30093.3517406957
732,557.3078108,1441,36273,1441.2162223379642,36103.36313393213,30419,0.8319361506660542,0.8290402638854282,30158.3799633055
733,557.776136925,1435,36182,1441.4271444426554,36128.51609322905,30415,0.8340288370219012,0.8304326532582189,30225.76672178248
734,558.2443577,1433,36108,1441.6316564361316,36197.796529932035,30336,0.8335400144196107,0.831763777056134,30329.545969330546
735,558.712473125,1431,36383,1441.2595075765878,36301.85823008379,30478,0.8310540169375144,0.8330610549279239,30460.630229449685
736,559.1804831999999,1428,37030,1440.2550454143648,36450.088858184085,31038,0.831694848604011,0.8343386537756576,30625.722507870483
737,559.648387925,1443,37898,1439.1192778998116,36669.458311625836,31843,0.833904814154437,0.8356077731617645,30849.68563274308
738,560.1161873,1446,38604,1438.5403066886856,36967.469704862364,32507,0.8359168954195597,0.836883118987551,31142.99279711825
739,560.583881325,1438,38685,1438.6324039049307,37313.05273052545,32644,0.8378124412704379,0.8381447539598743,31478.375931504073
740,561.05147,1440,38428,1438.7981834242855,37654.278760560104,32510,0.8400021628636315,0.8392525561595238,31802.245532174526
741,561.518953325,1462,38241,1438.350744071186,38001.84427733284,32410,0.8414584409581555,0.8401611498901085,32120.725339191667
742,561.9863313,1473,38175,1437.8311173525738,38389.69149924048,32466,0.8444498937387608,0.8410384466835678,32473.4100206114
743,562.4536039249999,1462,38337,1437.725475095671,38833.81854628569,32746,0.8483796610169492,0.8420524092805534,32883.93111961703
744,562.9207712,1447,38759,1437.3901560623974,39348.85843393886,33092,0.8481185677530018,0.8431728005680171,33364.18908695491
745,563.3878331249999,1431,39203,1437.2488618088469,39942.06491653188,33337,0.8446997776130467,0.8443044711973376,33915.30938413036
746,563.8547897,1427,39490,1438.0522322136123,40593.47767786282,33532,0.8434700365184037,0.845441641563391,34517.88117511089
747,564.321640925,1436,39613,1438.0917801082421,41260.73569050183,33650,0.8438064803415669,0.8465174065259239,35129.463543907455
748,564.7883867999999,1442,39667,1437.422931436698,41930.808806540685,33790,0.8462524525833879,0.8474388198776871,35733.518539490586
749,565.2550273249999,1439,39792,1437.5671929148743,42617.355092979764,33958,0.8478867363700362,0.8481925140981693,36340.62644680444
750,565.7215625,1431,40286,1438.3231103761984,43336.55244739322,34400,0.8485137047998971,0.8490263930698209,36981.62409114518
751,566.187992325,1431,41381,1439.0432625880264,44121.36317923311,35348,0.8489862327909887,0.8503351345869599,37712.66830505715
752,566.6543168,1426,42570,1440.04704523316,44988.66493012213,36428,0.8507194244604317,0.8521099143620726,38547.10204081559
753,567.120535925,1427,43595,1440.705972955192,45899.86357561805,37421,0.853585657370518,0.8540134944761079,39427.73437676882
754,567.5866497,1438,44801,1441.032095857183,46819.963351377395,38503,0.8547609713350091,0.8559051001180406,40314.15651543559
755,568.0526581249999,1445,46440,1441.7397449545579,47736.50610432761,39999,0.8568507611956884,0.8576971864511118,41192.674420710886
756,568.5185611999999,1435,48568,1442.4522186232707,48646.13302679469,41890,0.8583158296734772,0.8592578317984054,42051.5687558034
757,568.9843589249999,1434,50889,1443.1604566354567,49571.83261228925,43930,0.8592862197957739,0.860123394556686,42880.499852770474
758,569.4500512999999,1442,52314,1443.8860676345732,50509.12120319729,45221,0.8605716307595533,0.8606634465991012,43698.7833019992
759,569.9156383249999,1448,52967,1444.2424063964934,51445.67781829614,45784,0.860575709932258,0.861781622897585,44554.40843507128
760,570.38112,1451,54319,1444.7257922036463,52379.54096355424,47034,0.8622039797230839,0.8644651218712923,45511.604430450556
761,570.846496325,1457,55783,1445.597408774803,53367.60610659256,48504,0.8660125906564076,0.8681954239547739,46590.403769053904
762,571.3117672999999,1465,56351,1446.199007905021,54389.11916464594,49158,0.8689465437452174,0.8722441778806502,47720.73503363518
763,571.776932925,1457,56014,1446.9949942240773,55380.406940133485,48866,0.8689810656744322,0.8760912422536071,48811.762893835854
764,572.2419932,1448,56133,1448.063512197304,56312.35407370387,49031,0.8701289201792082,0.8795182587644611,49823.65598314702
765,572.7069481249999,1446,58026,1449.3769507802845,57185.96851570706,51079,0.8772180982679392,0.8826310527383887,50764.49135880669
766,573.1717977,1452,59904,1450.923463725085,58011.69059321731,53260,0.8863340860877301,0.8857358139951588,51663.88260209645
767,573.636541925,1449,60737,1453.1470701487863,58811.71301728126,54250,0.8905849413034678,0.8890587951800388,52557.56173412661
768,574.1011808,1436,60879,1455.9400212915075,59597.5773177184,54361,0.8903487374459567,0.8926230565422442,53455.82230627997
769,574.5657143249999,1448,60555,1458.5141452807259,60343.12566535932,54006,0.8892009406669261,0.8961931346199292,54318.46003306879
770,575.0301425,1457,60242,1460.7759858660163,61015.819407006915,53722,0.8890873522157012,0.8994094698209789,55096.0979863633
771,575.494465325,1436,60565,1462.8715033182805,61617.9481301943,54100,0.8906627881411828,0.9022634617302246,55792.72914448691
772,575.9586827999999,1459,61841,1465.1162200729068,62172.5930372137,55642,0.8973369547216058,0.9050448664168662,56447.16625518024
773,576.422794925,1494,63434,1467.6452694284978,62694.839769869,57716,0.9076848563125606,0.907881886044509,57080.745837956725
774,576.8868017,1489,64796,1469.9272690207877,63193.427484200016,59756,0.9203879507795346,0.9108558554467515,57704.35842261322
775,577.3507031249999,1469,65487,1472.0881107159564,63643.26317696767,60729,0.9256771533006342,0.9138311373255942,58286.62506511926
776,577.8144992,1469,64782,1474.4742349769813,64016.50884504623,59501,0.9165890101558921,0.9165787883024562,58789.013205280986
777,578.278189925,1472,63449,1476.8058846179695,64329.28018754548,57612,0.9058199009309905,0.9190547278946364,59222.500056625286
778,578.7417753,1482,63257,1478.6166844095846,64589.99096242146,57438,0.9058033184945367,0.9212745051839568,59594.38870642482
779,579.2052553249999,1484,63962,1479.8766902987325,64776.761353596805,58429,0.9114408271711643,0.9232546116301014,59885.695100680634
780,579.66863,1474,64778,1481.1633106072336,64866.3679585029,59586,0.9179830658410211,0.9248417251207244,60067.78443452738
781,580.131899325,1473,65520,1482.5387211488085,64850.88470859918,61106,0.9310818617577716,0.9258223978182151,60120.028607668326
782,580.5950632999999,1476,65534,1483.5986545561336,64749.65288001869,63346,0.9658434543694777,0.9261054018603962,60051.96083716391
783,581.0581219249999,1486,65534,1484.9781195496782,64627.23613218747,65153,0.9940513364976268,0.9260717943988589,59943.82522820335
784,581.5210751999999,1498,65534,1486.449795012316,64516.3547532208,65056,0.9925354488100443,0.9259991992795048,59843.66898457382
785,581.9839231249999,1497,65359,1487.9438492377797,64402.333348432476,62140,0.9495944380069525,0.9258007402252801,59733.977893042866
786,582.4466656999999,1485,63170,1489.513896124459,64278.91465265228,57821,0.9132852395233849,0.9253230088964934,59597.96461980905
787,582.9093029249999,1493,61570,1490.9378921379587,64143.17914335423,55503,0.899012933402134,0.9245505656144246,59430.93424539514
788,583.3718348,1506,62214,1492.4422523726184,64008.99999999878,56304,0.9026487448112275,0.9237230547903814,59261.78923644815
789,583.8342613249999,1507,63875,1493.6868558743965,63874.59691046107,58569,0.9149243201641868,0.9229110759569119,59094.724048108685
790,584.2965825,1496,65036,1494.4027950802674,63735.40347459616,60303,0.9255114888259364,0.9220735895517409,58921.81782146708
791,584.7587983249999,1493,65439,1494.9000883371932,63622.04342114082,60766,0.9269227160416601,0.9212600401965525,58771.113411401166
792,585.2209088,1497,64896,1495.346712269785,63526.34191034782,59760,0.9189892585056547,0.9204283590319015,58633.26757117829
793,585.682913925,1497,63682,1495.259371673169,63424.67994744946,58085,0.9099943716330304,0.9194477253578774,58480.18079684592
794,586.1448137,1502,63233,1494.4608258397416,63298.405490496865,57623,0.9091218350585605,0.9181763838638302,58286.8727717491
795,586.606608125,1504,64048,1493.7119300550125,63113.25377698127,58844,0.9167945766180609,0.9165101309375325,58016.35436816125
796,587.0682972,1496,64857,1492.820856644516,62884.07687603222,59913,0.9219709284891336,0.9146165396656154,57691.97118847429
797,587.5298809249999,1485,64662,1490.8718204262555,62655.67466986674,59523,0.9186571062253668,0.91266471198915,57364.13266438541
798,587.9913593,1481,63507,1488.8274706108573,62448.416068312916,57975,0.910811595137523,0.910708836015215,57054.13646968112
799,588.4527323249999,1494,61513,1487.6945344175122,62274.22011823478,55528,0.9002815775004582,0.9088489695253814,56779.38109583347
800,588.914,1495,59941,1487.0820630138564,62144.10872273319,53608,0.8916435684221332,0.9073021677492136,56564.21486330273
801,589.375162325,1476,59378,1485.9448232122752,62057.719880403805,52921,0.8884839901903215,0.9060095844638032,56404.84099299989
802,589.8362192999999,1471,58764,1484.9064757978379,61974.142879792234,52227,0.8859022917284834,0.9045521955363203,56236.86794717779
803,590.2971709249999,1476,57905,1484.4264422749948,61850.83114000199,51331,0.8834996189902355,0.90271213630613,56008.422908785076
804,590.7580171999999,1489,57609,1484.1508980950584,61707.592040588635,50955,0.8814326443335709,0.9007144614055347,55751.539287412015
805,591.218758125,1495,58444,1483.5736256766572,61583.608303697656,51781,0.8830005794658379,0.8988356360581296,55518.955854038664
806,591.6793937,1497,60430,1482.7672880472662,61519.925094564955,54186,0.8940491744862811,0.8973433168850471,55365.47650003291
807,592.139923925,1495,62952,1481.955672835143,61536.87304355586,57439,0.9102950030102348,0.8965516833271343,55329.662212053576
808,592.6003488,1477,64171,1480.6889170762356,61593.295204873204,58844,0.9150317414744633,0.897136045473113,55416.946839111944
809,593.0606683249999,1474,63726,1479.5500917347786,61659.421209992244,58154,0.9104928355715479,0.8989375247386875,55590.73104713476
810,593.5208825,1472,63008,1478.7315907494792,61734.616208746455,57256,0.906526261050442,0.9011118520957243,55796.59607239015
811,593.980991325,1465,63276,1477.6759609503893,61833.4683458277,57654,0.9090453155587194,0.9023999864003737,55966.499966023075
812,594.4409948,1469,64065,1476.2592131191818,61886.82436748166,58763,0.9152981021151512,0.9027515599433565,56034.52773562148
813,594.900892925,1469,63661,1475.1487009898017,61885.76903213997,58266,0.913252508361204,0.9026249593132454,56024.03291127665
814,595.3606857,1464,62196,1474.546127885088,61894.477791115256,56417,0.904844233682408,0.902567218547889,56026.258714805605
815,595.820373125,1465,61014,1473.8680830822611,61959.156832543165,54893,0.8972107004315774,0.9028738030526263,56101.457269699255
816,596.2799551999999,1461,60569,1472.7311150875162,62076.57879000538,54263,0.8933139338160655,0.9035636400931507,56248.67068336661
817,596.739431925,1459,60705,1471.8436204670268,62219.87494620371,54426,0.8940181615636499,0.9044419540892271,56431.11986681357
818,597.1988033,1465,60886,1470.8182971301446,62349.26632539689,54693,0.8957775870483499,0.9051518632021074,56589.98604724801
819,597.6580693249999,1466,61145,1468.77775261045,62422.61557453049,55097,0.8986578193334339,0.9054554460134542,56673.076853381775
820,598.11723,1466,62208,1465.7670841921392,62468.16645903525,56428,0.9048434361726647,0.9056351300084152,56723.44053092827
821,598.576285325,1472,62873,1461.7759179143077,62547.33731228221,57160,0.9069559127701503,0.9061424003519025,56824.29056150654
822,599.0352353,1479,62684,1456.9649369181357,62665.266438649734,56873,0.9050567764071563,0.906926954080346,56977.52714670664
823,599.4940799249999,1500,62901,1453.0092187818248,62793.371356088406,57199,0.9071350629468575,0.9077354869344502,57141.10917574468
824,599.9528191999999,1507,63371,1451.5091621554006,62908.4504971788,57911,0.9117418854260959,0.9084033820253998,57283.52544791392
825,600.411453125,1489,63594,1453.0081315544808,62971.70198645374,58270,0.9142742130263264,0.9087182555011019,57357.625631383526
826,600.8699816999999,1487,63368,1456.4081859158478,62973.600829009636,58006,0.9133498165834424,0.9086508957964423,57354.17067204129
827,601.328404925,1481,63098,1460.2779224897226,62936.414482773034,57658,0.9117126766963662,0.9083691306692379,57303.05861967319
828,601.7867228,1460,63464,1464.7676731069505,62855.61233549903,58127,0.913924908070447,0.9078825423944333,57200.92905841471
829,602.244935325,1457,64265,1469.700468866764,62720.703957053316,59168,0.9188479174627436,0.907219599590272,57040.212099933226
830,602.7030424999999,1465,64810,1475.5556411243458,62541.88373462474,59820,0.9212250374930934,0.906405389707228,56831.456816687845
831,603.1610443249999,1458,64213,1482.0869328863337,62346.52551586551,58961,0.9163094574137519,0.9054412823296891,56598.752655778204
832,603.6189408,1450,62815,1489.242610251619,62191.97551473301,57166,0.9079442679051577,0.904604873149906,56409.27944007683
833,604.076731925,1462,61957,1496.6040680422827,62128.970463655976,56017,0.9018100669476816,0.9042315351127863,56329.53713560788
834,604.5344177,1464,62047,1503.2501528913167,62109.65725157868,56014,0.9004176089001865,0.9040368222184454,56300.15062628718
835,604.991998125,1464,62210,1510.0098076966347,62064.889306664874,56206,0.9011622164422349,0.9036931739277063,56238.84450383819
836,605.4494731999999,1472,61676,1516.4240639651796,61989.02607080449,55618,0.8993754567802804,0.9031481442404988,56137.49063398836
837,605.906842925,1473,61165,1522.086162766964,61921.599605878895,55093,0.8982778261743617,0.9026255043023772,56045.20145416549
838,606.3641073,1471,61137,1527.4422070714784,61887.17649323761,55099,0.8988033385847887,0.9023126680781369,55995.51430383367
839,606.821266325,1469,61081,1532.3600308047453,61836.319259778196,54977,0.8976045091592297,0.9019434145990708,55927.594282995145
840,607.2783199999999,1477,60665,1536.9236449296404,61713.84328070732,54533,0.8963979184969927,0.901236723009873,55775.38444811781
841,607.735268325,1487,60059,1540.8805408955739,61515.417744455095,53908,0.8949839513760841,0.9001468284172236,55533.099300096335
842,608.1921113,1480,59702,1544.0021971052274,61282.924845408685,53412,0.8919652365085363,0.8988249217253887,55246.633559082955
843,608.6488489249999,1494,59746,1546.9970101247748,61071.27278080926,53392,0.890922200096134,0.8974660340460926,54975.61059140531
844,609.1054812,1540,60491,1549.9562617499532,60864.01648961354,54349,0.8958117758816644,0.896057266232184,54705.224580397145
845,609.5620081249999,1600,61032,1552.6434347323539,60612.09019456724,55042,0.8992125454300713,0.8946155932951727,54393.95356633115
846,610.0184297,1670,60844,1554.9627851140158,60338.12018392147,54731,0.8966944942035353,0.8932693100578486,54070.09902828952
847,610.474745925,1736,60619,1556.593988538782,60056.031801398654,54396,0.8943158466790075,0.8919355292213025,53740.701691996524
848,610.9309568,1746,60408,1557.8578450247724,59748.01945683819,54070,0.8919573147864035,0.8905655512417516,53385.986205802066
849,611.387062325,1702,59848,1559.8352397562503,59445.537203559536,53409,0.88926151411963,0.8892889032504567,53041.87823053648
850,611.8430625,1646,59383,1561.8416951686033,59169.516138529754,52984,0.8891698564178949,0.8881449562148389,52729.92104011314
851,612.298957325,1606,59274,1563.1623139821668,58907.88577317606,52946,0.8902684330998127,0.8870975623340732,52437.19554236689
852,612.7547468,1586,59198,1563.9809961720237,58659.49835783258,52867,0.8901096993681872,0.886121770899811,52159.95676006151
853,613.210430925,1568,59093,1563.7264943713033,58422.21610908403,52740,0.889561060408518,0.8852203529469735,51895.97644340655
854,613.6660096999999,1563,58925,1562.2550001132229,58196.68264286735,52469,0.8874516230256965,0.884419337467551,51649.32224965359
855,614.1214831249999,1549,58828,1560.176900949029,57999.62581258807,52172,0.883796853995356,0.8837953045808382,51440.65428435427
856,614.5768512,1535,58984,1557.8972796665535,57827.88013318424,52277,0.8832529722014308,0.8833025187715735,51264.41837867124
857,615.032113925,1516,58598,1555.0009966250354,57639.94899091601,51979,0.8840440068673137,0.8827031262971194,51068.20745656655
858,615.4872713,1504,57322,1551.0023103580759,57413.402092911536,50692,0.8812211114694185,0.8819697041468059,50828.40358784926
859,615.942323325,1504,56575,1546.8071303992995,57168.065799903765,49869,0.878229921374226,0.8811989419491587,50568.27524972156
860,616.3972699999999,1487,56566,1542.223674375381,56920.77709574286,49788,0.8769403947057862,0.8804783890844579,50309.105732858225
861,616.8521113249999,1484,56399,1537.0330924822463,56659.806518832855,49663,0.877337703723937,0.8798224012597294,50042.32886361996
862,617.3068473,1489,55812,1531.1983963396387,56371.15789712003,49114,0.8767004767777921,0.8791122589431822,49748.508505287966
863,617.7614779249999,1490,54931,1524.4655145076606,56078.35839996268,48211,0.8742538500402313,0.8783652351242052,49449.11082923641
864,618.2160031999999,1492,54512,1517.3345942150156,55799.50071349187,47772,0.8728781591852132,0.8776729082482398,49165.34360914084
865,618.670423125,1485,54773,1510.0100342023313,55526.668373008506,48054,0.8739115748386128,0.8769879519981238,48887.50818818
866,619.1247377,1492,55343,1502.358218759173,55244.41040567065,48680,0.8762697071549275,0.876336446645195,48603.00450746243
867,619.578946925,1503,55153,1494.4727173888136,54935.66280096839,48529,0.8765330848089469,0.8756779980710732,48294.85138961152
868,620.0330508,1491,53517,1486.0901266166559,54609.88321366177,46984,0.8744281705301196,0.8749836261834707,47969.392987382715
869,620.4870493249999,1482,52289,1477.7144669188147,54282.39359894798,45885,0.8739543763654615,0.874339303281046,47644.807764614365
870,620.9409424999999,1475,52844,1470.4875082108033,53971.028290560476,46406,0.8746714944811073,0.8738750321744394,47345.713107883756
871,621.394730325,1469,53775,1465.3175609866307,53677.18777322146,47267,0.8755783275341261,0.8735218199860203,47070.243901333226
872,621.8484128,1481,54203,1462.5068291467248,53384.74293868387,47688,0.876427297902204,0.8732115692635763,46798.33685927112
873,622.3019899249999,1486,54571,1462.5312238102506,53091.0644861708,47942,0.8751247998492983,0.8729875217998491,46529.5464449922
874,622.7554617,1470,54360,1464.3310607261492,52789.113071642736,47662,0.8733598033654755,0.8726962424239924,46250.85700695284
875,623.208828125,1464,53745,1465.6184964551576,52461.519989126726,47134,0.8735487079436124,0.872307018422745,45945.04965004782
876,623.6620892,1455,53333,1465.9097148292997,52114.85392647525,46793,0.8739350013493196,0.8720056130181935,45627.025028878605
877,624.115244925,1453,52464,1465.9597499376828,51765.34345058678,45936,0.8720276018897885,0.8718981656589463,45316.466284626185
878,624.5682952999999,1467,51477,1465.916192892223,51422.029241884455,44920,0.8688862227554489,0.8718703776244997,45015.76035697211
879,625.021240325,1470,51066,1465.4802147273722,51093.61235814983,44558,0.8687797403016372,0.8718637201451109,44729.62157693181
880,625.47408,1468,50652,1465.4923780832805,50777.864481640725,44255,0.8699373780091086,0.871864925500808,44454.953135970514
881,625.9268143249999,1463,50245,1465.6852703345207,50475.178373235125,43974,0.871448485096962,0.8717625496464529,44186.45144850309
882,626.3794432999999,1456,50160,1465.6141022446434,50195.7703685238,44037,0.8742813731931669,0.871587066485667,43935.50152891261
883,626.831966925,1463,49914,1464.578563500844,49926.281659832784,43802,0.8738519328806423,0.8714370688549247,43695.080069762924
884,627.2843852,1460,49334,1463.0534326938039,49639.72832906652,43153,0.8708902535823203,0.8712300747702655,43436.37341729061
885,627.736698125,1454,49071,1461.8725678950548,49345.218192936605,42819,0.8687023542012307,0.8709689840052162,43167.60805454175
886,628.1889057,1453,49410,1460.4235430020788,49063.80905569681,43083,0.8680693120920825,0.8706816243754945,42908.92498131245
887,628.6410079249999,1463,49644,1458.5780878388812,48796.9302362445,43338,0.8691185322014903,0.8703608791691732,42661.72851027122
888,629.0930047999999,1478,49060,1456.3229744727803,48533.85403972817,42896,0.8704552141566139,0.8699797798639044,42415.08575505592
889,629.544896325,1474,48250,1454.1137511608138,48261.74667602798,42198,0.870617410637934,0.8695033973079658,42155.73836326903
890,629.9966825,1461,47631,1452.8511631067245,47988.252372646246,41668,0.870846870262075,0.8689527721976756,41891.75356180127
891,630.448363325,1462,47122,1451.9060454370149,47728.55185847833,41191,0.8701051248357424,0.8684181037498359,41640.95521982298
892,630.8999388,1464,46937,1451.338173005023,47490.368162358376,41045,0.8704286059859697,0.868020013987095,41415.855036353365
893,631.351408925,1458,46640,1451.1583954336174,47254.5491177594,40760,0.869859678633084,0.8677430193104207,41198.47801762135
894,631.8027736999999,1456,46225,1450.4243810731564,46989.32256676166,40310,0.86787732582814,0.8673777991056897,40950.98967133945
895,632.254033125,1453,46028,1448.93050805225,46704.414233617084,40134,0.8677734155916994,0.8669520546021118,40683.50832408357
896,632.7051872,1443,45772,1446.9130444630405,46443.31090171829,39997,0.8697241083714949,0.8666142992168996,40440.81125280223
897,633.1562359249999,1446,45426,1445.118915490697,46221.8864526934,39640,0.8684402000909505,0.866386899171453,40237.98004484736
898,633.6071793,1444,45149,1444.2291105121017,46030.19792067682,39254,0.8651184075048621,0.8661936795859733,40063.265532627374
899,634.0580173249999,1430,45176,1443.838342884296,45871.78024417226,39340,0.8665935171215654,0.8659346747799758,39914.78846632917
900,634.50875,1438,45520,1442.7393372443044,45736.62169018463,39738,0.8688353522979901,0.8655673150912904,39781.524677794885
901,634.959377325,1444,45808,1441.4054225463492,45609.75811456571,39923,0.8673473987918132,0.8651585134301221,39653.917959635924
902,635.4098993,1432,45997,1439.7713424992362,45487.58291240937,39899,0.863166161786155,0.864853822964557,39535.11103309172
903,635.860315925,1429,46017,1437.9855942376673,45348.10650297767,39833,0.8613079752399749,0.8645609402654273,39401.48560556222
904,636.3106271999999,1436,45775,1436.5876463792788,45187.60495141367,39611,0.8609801754662938,0.8642087355581127,39246.555165461665
905,636.760833125,1426,45578,1435.3853541416293,45032.87197897941,39366,0.8593042217793079,0.8638686852970169,39097.19882669974
906,637.2109336999999,1413,45487,1433.9823552062057,44893.632268000685,39288,0.8593501837818215,0.8634674205848787,38958.72588280521
907,637.660928925,1412,45393,1432.1221318715893,44774.96190174097,39300,0.8614629044360065,0.8630553391137276,38837.76932659782
908,638.1108188,1429,45270,1429.893066660599,44682.38911413537,39221,0.8620241326612076,0.8628177015900323,38747.47332895348
909,638.560603325,1437,45080,1428.263879136533,44605.78837572679,39047,0.8617647732740645,0.8626519195775011,38674.23880495521
910,639.0102825,1428,44978,1426.814786291848,44529.697139232194,38911,0.8606888633754305,0.8624056250488736,38597.619832838056
911,639.4598563249999,1420,44898,1425.2339124328705,44453.111508753595,38807,0.8599061594369566,0.8620954267144736,38517.60239189942
912,639.9093247999999,1429,44652,1423.858252735029,44394.7669482879,38650,0.8611387455752725,0.8617636674859582,38452.50066819107
913,640.3586879249999,1450,44308,1422.5382907879862,44361.81931640495,38420,0.862616081011713,0.861481550018051,38411.77193141333
914,640.8079456999999,1455,43984,1421.7852272984394,44334.81462773704,38179,0.8635049025370923,0.8612927793264228,38380.497655665306
915,641.257098125,1429,43767,1420.9670434211146,44300.55088450389,38037,0.8646605885965327,0.8611472438546224,38344.80767401227
916,641.7061451999999,1411,43761,1419.3950712360145,44255.981902193984,38060,0.8653837072018891,0.8610368990296425,38301.65904097415
917,642.155086925,1403,43990,1417.9533398264693,44185.45160705707,38183,0.8636438349731138,0.8609265543994356,38236.075358444534
918,642.6039232999999,1400,44283,1416.8057260639835,43989.061156537246,38287,0.8601776927920155,0.8603566136150461,38038.653378331735
919,643.0526543249999,1407,44124,1415.8881061858433,43585.61602754225,38192,0.8611325701711262,0.8581515940261274,37558.99691952181
920,643.50128,1425,43787,1415.2797571858662,43185.74796711055,37979,0.8628959916906661,0.8554057225275016,37040.2445808505
921,643.949800325,1439,43720,1414.5976126299304,42861.64884821771,37839,0.8609067902840519,0.8530155963604974,36604.771772859385
922,644.3982153,1428,43698,1413.4810301478815,42639.50809757784,37702,0.8581499881712799,0.8512994247732857,36298.21325511268
923,644.8465249249999,1410,43720,1412.46904799653,42513.50053228757,37709,0.8579295674781375,0.8502717474491424,36118.725746901844
924,645.2947291999999,1398,43723,1411.4842465287732,42490.28408344388,37761,0.859137625516834,0.8504912524307248,36110.60973068403
925,645.742828125,1405,43570,1409.8622392352897,42664.06552809722,37730,0.8614965018380173,0.8525539895103886,36395.17961901672
926,646.1908216999999,1405,43500,1408.663435185368,43067.95207139377,37773,0.8639505879558143,0.8558621437060895,36954.95911572105
927,646.638709925,1403,43751,1407.979976896392,43609.32537543236,37900,0.8618352696703504,0.8595911135157066,37655.72708328543
928,647.0864928,1402,44318,1406.895988584086,44223.77261093031,38315,0.8601220989840619,0.8632695580566103,38415.519739970725
929,647.534170325,1400,44885,1405.7593376973161,44891.9971233768,38749,0.8588938714499252,0.8668236268172367,39213.270085391894
930,647.9817425,1395,45112,1404.6329022174639,45587.24981313192,38896,0.8578127501887137,0.8702145517825824,40023.7693265978
931,648.4292093249999,1399,44981,1403.027475140973,46284.678792270744,38917,0.8608599880684686,0.8734026053780177,40823.644997620904
932,648.8765708,1410,44598,1401.3174703843533,46968.16158916306,38700,0.8634342873020283,0.8763785953349333,41598.622165846675
933,649.3238269249999,1417,44276,1399.4160003623822,47630.83111735169,38345,0.8616159966401455,0.8791752374743445,42344.27688056273
934,649.7709777,1405,44100,1397.6542843552247,48266.27418514484,38123,0.8600070265839092,0.8818156029062049,43056.05542594314
935,650.218023125,1396,44056,1395.811071598424,48861.459965117196,38114,0.8607126113455228,0.8842943072526961,43722.386917030126
936,650.6649632,1393,44345,1394.0410428322004,49414.10879068513,38389,0.8613335816725647,0.8865789931878674,44339.909329768794
937,651.111797925,1382,44709,1392.46236607848,49923.63682076509,38729,0.8619798278209893,0.888678936052296,44908.52062334281
938,651.5585272999999,1388,44869,1391.017690094879,50383.82092459528,38871,0.862054690554495,0.8906434880561658,45425.0127069687
939,652.0051513249999,1385,44890,1390.7346032752457,50789.20084260021,38849,0.8611423974255833,0.8924203195326315,45882.678248657074
940,652.4516699999999,1386,45045,1390.5490045074368,51139.48680604219,38970,0.8608534322820037,0.8940194151268455,46281.48993182089
941,652.898083325,1402,45432,1389.748782531854,51433.07268567705,39312,0.861003861003861,0.8954886096517024,46621.937257921134
942,653.3443913,1403,46509,1388.846112029691,51674.13993521839,40260,0.8614596727708066,0.8967540688321234,46904.68239371129
943,653.7905939249999,1400,51859,1387.4225916781543,51875.010917573585,45828,0.8804772191284013,0.8977753286508722,47138.53647874154
944,654.2366912,1390,61199,1386.196810799765,52044.743844706696,58008,0.9466468257285693,0.8985569841943114,47331.41339554599
945,654.6826831249999,1379,64325,1385.7241840132017,52170.5694353203,63292,0.9835891081244241,0.8992006384490365,47476.74676663027
946,655.1285697,1379,65440,1385.8734512672727,52233.47584316645,65168,0.9957540469240256,0.8997652480651067,47560.55983147885
947,655.574350925,1384,65534,1386.66733108335,52237.12163355808,65534,1.0,0.9000778970236273,47578.857324060795
948,656.0200267999999,1384,65534,1387.0712360415596,52187.09705769001,65534,1.0,0.9000355515594701,47532.10500804004
949,656.465597325,1382,65122,1387.0021291535215,52081.58873360564,63538,0.9751490429871352,0.8997834843486899,47424.68214455502
950,656.9110625,1390,61224,1386.372896328316,51917.14489569313,56839,0.9267139084801284,0.899353158410398,47254.997236629606
951,657.3564223249999,1384,55493,1385.668486262403,51695.58225554274,49593,0.8909608383078601,0.898702960294349,47023.095449499655
952,657.8016768,1373,51918,1385.275702733897,51422.77376610924,45558,0.8741715303195172,0.8978281852379097,46733.92828829556
953,658.2468259249999,1374,49876,1385.0090375772684,51103.60171238209,43463,0.8677786483031628,0.8966587036484833,46388.60193888788
954,658.6918696999999,1371,47918,1384.8133140048208,50748.89607918542,41618,0.8646529314456356,0.8952536330430034,45998.742508323194
955,659.136808125,1377,46209,1384.6129470655922,50358.53853994332,40100,0.8637357244825125,0.8935929874283327,45563.415162290454
956,659.5816411999999,1384,45061,1384.320800018094,49916.29352873129,39050,0.8623760789431508,0.8916616592416892,45067.993318081084
957,660.0263689249999,1373,44360,1384.0553126910877,49416.35815080655,38461,0.8627724660944006,0.8896386128846457,44515.15683254348
958,660.4709912999999,1375,43751,1384.137874017505,48866.484450382995,38010,0.8645223711534831,0.8875016780699416,43910.686176356496
959,660.9155083249999,1387,43209,1384.6978867018238,48281.100047565276,37535,0.8643297785854335,0.8851084204622763,43260.895241114486
960,661.3599199999999,1403,42948,1384.812090874059,47663.949806336714,37273,0.8634011313034059,0.8824906390190371,42570.19481754885
961,661.804226325,1398,42800,1384.7321343631527,47011.54624113705,37104,0.8624221052123086,0.8797141708288259,41838.41686108325
962,662.2484272999999,1387,42665,1385.1018596117426,46331.26116106731,36927,0.8609913270991811,0.8767669672934588,41071.517384311424
963,662.6925229249999,1395,42534,1385.0813834967685,45622.852227682655,36761,0.8596708719220205,0.8736859297311117,40270.66114747708
964,663.1365132,1383,42425,1384.6915445423188,44881.52297900205,36704,0.8606062082744506,0.870475899112171,39431.84529660845
965,663.5803981249999,1394,42269,1383.5183356361144,44104.700061155694,36587,0.8609908256880734,0.8670424791280994,38548.92917166793
966,664.0241777,1398,42214,1382.4424788783174,43295.25441119761,36508,0.860201881615053,0.8634034147531002,37625.28079911137
967,664.467851925,1388,42213,1382.3200298987256,42461.47468798759,36570,0.8617758726270668,0.8595538527519343,36668.02983079954
968,664.9114208,1400,42047,1382.142019071753,41628.72382160332,36454,0.8624006691760769,0.8554208160414338,35696.08962830347
969,665.354884325,1392,41649,1381.4174046977016,40938.624068494544,36034,0.8605211516009638,0.8516401825504922,34863.223742326445
970,665.7982424999999,1373,41180,1380.2291105121028,40550.45310199473,35569,0.8590448916019795,0.8498886856509763,34416.6961652579
971,666.241495325,1370,41097,1378.8696912727091,40327.61437405073,35386,0.856243864374355,0.8496479263049411,34214.962332102
972,666.6846428,1365,41137,1377.8101202744986,40231.32852386161,35378,0.8551996379362365,0.8503927104886412,34188.48186821833
973,667.1276849249999,1371,41038,1377.165349158505,40239.288160546464,35345,0.856480197645398,0.8519306453755221,34303.40071122723
974,667.5706217,1371,41057,1376.4916532650532,40354.21103535678,35306,0.8550874363755481,0.8541057868957453,34553.501007949686
975,668.013453125,1378,41214,1375.7639810640974,40570.439534303514,35395,0.8539260969976905,0.8561266012693383,34882.04097487985
976,668.4561792,1389,41169,1375.7011483838555,40781.19649369104,35432,0.8557817998994469,0.8571966280638895,35137.5634102691
977,668.8987999249999,1381,40982,1375.8206074882519,40908.72171510034,35394,0.8588924522108028,0.857530312510277,35270.80912364878
978,669.3413153,1376,40968,1375.6926544202324,40987.6434347316,35438,0.8603253182461104,0.8575570638434908,35343.02650116583
979,669.783725325,1373,41007,1375.523613218846,41049.834605539545,35454,0.8598930211434627,0.8575528953602676,35397.66619855422
980,670.2260299999999,1371,41210,1374.742916034312,41093.72325533908,35646,0.8603378598860413,0.8575883133394046,35437.19613128203
981,670.668229325,1368,41807,1373.7469704862815,41119.80307594658,36200,0.8613467197507356,0.8576807251830402,35463.341865047216
982,671.1103232999999,1370,42393,1373.032277061742,41134.51611587953,36675,0.8606147770762743,0.8577254672556045,35477.65097737139
983,671.552311925,1370,42502,1372.1141135699302,41137.06976375377,36770,0.8606437809977633,0.8577033195595634,35478.95517452196
984,671.9941951999999,1363,42102,1370.911119164621,41120.936578404166,36450,0.8612631630624218,0.8577383289778873,35466.556456544204
985,672.4359731249999,1368,41601,1369.7249314820006,41080.34306552731,35996,0.8606865011309124,0.8578434906216661,35435.823755916776
986,672.8776457,1366,41266,1369.0046207161847,41024.00541348536,35679,0.8599749373433584,0.8579352272033982,35391.00104192553
987,673.319212925,1345,41001,1368.454461029669,40962.68085347267,35434,0.8596177123260036,0.8580381888088148,35342.302543658305
988,673.7606748,1341,40870,1367.6068540623532,40907.79526150004,35256,0.8579776872675757,0.8581683372850806,35300.163242654875
989,674.202031325,1354,40754,1367.0797300051834,40870.517656118274,35052,0.8552791878172589,0.858267171053578,35271.90815193935
990,674.6432824999999,1376,40610,1366.5402387369782,40853.380031257,34898,0.8544119896008564,0.8584047391790546,35262.55149606945
991,675.0844283249999,1374,40531,1366.3696799474244,40847.84504745216,34787,0.8533084761345353,0.8585833181480064,35264.87009898231
992,675.5254688,1358,40478,1366.1647375931245,40850.89408593548,34715,0.8526840490797546,0.8587510712583649,35274.10718249496
993,675.9664039249999,1362,40427,1365.625721986882,40867.284513804734,34768,0.8551388711122488,0.859020903918468,35298.86262429432
994,676.4072336999999,1381,40533,1365.305352329585,40892.78022152179,34934,0.8569932570494483,0.8593712478174239,35334.64130557815
995,676.847958125,1392,40794,1364.711454393052,40914.80538630468,35199,0.8580021318714786,0.859651154841832,35364.544247887156
996,677.2885772,1391,40877,1363.9182087929253,40919.977077622716,35279,0.8582282327913691,0.859853479231002,35376.87213753359
997,677.7290909249999,1383,40864,1363.0239416521063,40915.978527259176,35224,0.8571464755198703,0.8599386435831489,35376.67589299803
998,678.1694993,1375,40894,1361.905683027902,40911.19903055483,35252,0.8572332295857689,0.8599066192091074,35371.17626673243
999,678.6098023249999,1377,40944,1361.285986092524,40899.349339735105,35411,0.8601612454823464,0.8598854761438511,35360.11547260346
1000,679.05,1378,40925,1360.763301547008,40878.452694284475,35562,0.8643892077780868,0.8598750682754009,35341.64381979139
1001,679.490092325,1364,40785,1360.550363541617,40852.27975718511,35514,0.8662895411075315,0.8598321856420179,35317.34630455889
1002,679.9300792999999,1350,40632,1360.9119119345592,40825.39627171545,35368,0.8659946031261138,0.8598239719682454,35293.8962377397
1003,680.369960925,1342,40653,1361.0516206482332,40799.670592764625,35348,0.8650504947724555,0.8598849518609089,35274.153842668464
1004,680.8097372,1337,40668,1360.92722371965,40773.06679652915,35265,0.8626274440009153,0.8599490134637896,35253.76019841831
1005,681.249408125,1348,40483,1360.9284015492726,40740.79834197752,34991,0.8596652612750735,0.8599674712793199,35226.728011958825
1006,681.6889737,1357,40181,1360.71627896439,40714.17633468403,34647,0.8574593035235937,0.86001854747027,35205.80151305738
1007,682.128433925,1352,39935,1360.4401232190728,40719.14745520771,34457,0.8580203716662779,0.8601958903389053,35216.964846315204
1008,682.5677887999999,1344,40004,1360.2696097306587,40758.751772406285,34642,0.8613036730470771,0.8603790113858863,35258.058687625315
1009,683.0070383249999,1351,40330,1359.745339645266,40808.12906294515,34966,0.862387439390441,0.860520509559874,35305.93105166527
1010,683.4461825,1361,40922,1358.957281025592,40844.97705497215,35433,0.8612522433709967,0.8606667340978807,35343.24494325964
1011,683.8852213249999,1364,41559,1358.7028018754413,40867.931482026,36016,0.8620972757805697,0.8607861764257969,35367.62991234162
1012,684.3241548,1357,42023,1358.4249699879692,40880.72606400972,36409,0.8619485565337137,0.860903651198831,35383.14496364515
1013,684.762982925,1358,42149,1357.3073229291456,40874.173412760545,36455,0.8604103846436714,0.8609582854546642,35379.54642234184
1014,685.2017056999999,1357,41863,1356.130942943189,40842.93897936455,36215,0.8605638670814201,0.8609083367833902,35350.691703095654
1015,685.640323125,1346,41424,1355.3066887131952,40799.00702167581,35836,0.860571884824592,0.8607463153566479,35306.572719653224
1016,686.0788352,1344,41138,1355.131894267115,40756.564044484934,35568,0.8600291501231342,0.8605062302123001,35260.80053908288
1017,686.517241925,1351,41002,1354.9030102606819,40718.11998006671,35450,0.8599783107613932,0.8601710531760012,35214.79279258806
1018,686.9555432999999,1355,40722,1354.3792384878218,40677.001041925425,35147,0.8583839256229837,0.8598092018802417,35165.37715463476
1019,687.393739325,1364,40352,1354.2660762417916,40631.27758273043,34756,0.8564686570226736,0.8595082088007542,35114.42130059503
1020,687.83183,1372,40070,1354.3603705632938,40589.598541302534,34534,0.8569435112925733,0.8592447474452105,35068.43876418425
1021,688.269815325,1364,40070,1354.3136877392208,40557.369770548954,34570,0.8579031674675761,0.8590421723361183,35032.860019478816
1022,688.7076953,1366,40159,1354.589752882259,40526.52243538847,34675,0.8586342896914392,0.8588422503347352,34998.603297922265
1023,689.1454699249999,1370,40092,1355.2819089899851,40492.18467009367,34711,0.8610350705025567,0.8585995764738493,34959.711658247536
1024,689.5831391999999,1360,40095,1356.0111214296778,40453.108654781885,34738,0.8617013037304763,0.8583765963068898,34917.42651022606
1025,690.020703125,1357,40303,1356.4017758046355,40406.351468888664,34831,0.8594977661377292,0.8582918297497912,34873.770209970105
1026,690.4581617,1354,40593,1356.655439534278,40350.51147251276,35036,0.8583806926782028,0.8583357668365525,34827.39516183766
1027,690.8955149249999,1347,40568,1356.776438877412,40284.49779156869,34994,0.8578822569541827,0.8584166060624732,34773.82448073503
1028,691.3327627999998,1348,40290,1356.5152778092108,40213.12729620072,34756,0.8578912228442299,0.8584848042380664,34715.18587057398
1029,691.769905325,1353,40204,1355.7365512242372,40141.08663842819,34727,0.8590255077089393,0.8585221000367075,34654.813767015585
1030,692.2069425,1346,40347,1354.317493034924,40061.82260073765,34898,0.8602856337017,0.8585357381075784,34587.1424041308
1031,692.6438743249998,1351,40310,1353.1218147636155,39969.364130557115,34850,0.8598526656228342,0.8585263602412565,34507.08344469797
1032,693.0807007999999,1350,39822,1352.6467190649585,39863.95476681162,34305,0.8565970056144728,0.858464412225212,34413.9152189171
1033,693.5174219249999,1348,39247,1352.4905886882793,39744.51344311234,33763,0.855299612126969,0.8583918175826286,34308.3823642658
1034,693.9540377,1361,39054,1352.0334095902251,39614.84842238706,33638,0.8563128432334917,0.8584562731639183,34199.200548143126
1035,694.390548125,1365,39090,1351.1733674601655,39477.5590840102,33679,0.8565672630881378,0.8585808758813779,34085.69272237131
1036,694.8269531999999,1353,39001,1350.5516546240879,39338.374142108914,33609,0.8567785805354866,0.8586691377454984,33969.1702643315
1037,695.263252925,1352,38868,1350.231149063373,39205.473170399484,33460,0.8558481714468493,0.8588109440821441,33860.14342340645
1038,695.6994473,1358,39084,1349.9861152007713,39087.673922398404,33701,0.8573132587605365,0.858972737995331,33764.87703005666
1039,696.1355363249999,1352,39669,1349.747559401093,38992.63754558352,34268,0.8590442884359423,0.8590784758972454,33686.98475616597
1040,696.57152,1349,39931,1349.3539604520795,38912.050057758206,34521,0.859779171634441,0.8592264831356249,33623.17567781765
1041,697.0073983249999,1348,39665,1348.5813721714842,38838.8030079949,34339,0.861001644178824,0.8593836474243364,33566.038483317214
1042,697.4431712999999,1349,39303,1347.6107046591965,38778.60221069486,34088,0.8625968277388417,0.8595265346454777,33519.630229449634
1043,697.878838925,1342,39138,1346.8717298239792,38730.584905659634,33931,0.8622340988464388,0.8598042908685833,33488.78144465269
1044,698.3144012,1328,39012,1346.3238578449989,38680.88674715095,33813,0.8620369387538478,0.8600975956385828,33456.96133547695
1045,698.749858125,1338,38726,1346.1909216516538,38622.43013431714,33582,0.8624157483684605,0.8602675339900896,33412.99374844213
1046,699.1852097,1358,38402,1346.41622686808,38560.60819044525,33265,0.861327070510744,0.8604241412025072,33365.732723277346
1047,699.620455925,1353,38171,1346.278692609093,38505.678022151515,33069,0.8614264761801292,0.8606344787281701,33326.377788850754
1048,700.0555967999999,1335,37997,1345.883009807671,38459.04081632579,32926,0.8616823959413016,0.860897998377683,33296.09925479562
1049,700.490632325,1326,37906,1345.4954585607568,38413.53752066792,32814,0.8607982504100602,0.8612528896941332,33270.2896554842
1050,700.9255625,1340,37962,1345.3302679562134,38367.381775350914,32788,0.8587188029053574,0.8616287390776287,33244.766744432985
1051,701.360387325,1349,38035,1345.1691997553482,38323.20288115172,32854,0.8587744643733304,0.8619394886194828,33218.39382545407
1052,701.7951068,1342,38038,1344.9691952252342,38286.49749711132,32916,0.8604207543056464,0.8621961087653193,33196.3224308585
1053,702.2297209249999,1340,37838,1344.7488731341334,38254.57102086044,32804,0.862074634226533,0.8623818832053712,33175.69038936266
1054,702.6642297,1347,37621,1344.6178622392097,38221.7111146338,32686,0.8639521420301042,0.8625234289774129,33152.64015039915
1055,703.098633125,1362,37626,1344.59371673195,38192.206573194584,32693,0.8639697771894992,0.8626630981830343,33132.47527690257
1056,703.5329311999999,1366,37642,1344.1956329701432,38174.540216085705,32664,0.8627742860293307,0.8628560433548389,33124.47382726612
1057,703.967123925,1352,37494,1344.0766721782793,38168.69514598219,32531,0.8626805378783686,0.8631145611264784,33129.09898298879
1058,704.4012113,1335,37380,1343.6272622256192,38163.540872952224,32472,0.8638368705784436,0.8633703851198958,33134.0315522429
1059,704.835193325,1333,37450,1343.2269587079857,38157.243674827696,32505,0.863083866323338,0.8636252722974036,33137.975899793244
1060,705.26907,1351,37787,1343.4262384198703,38152.71587125343,32798,0.8630749807882314,0.8638588597264496,33142.8533375608
1061,705.702841325,1354,38398,1344.043964755688,38147.40553579849,33368,0.8642155274808336,0.8640420560218722,33145.278964415316
1062,706.1365073,1349,39039,1344.5839769869954,38133.71573535001,33927,0.8643672061554789,0.8641810371451781,33138.835647465894
1063,706.570067925,1340,39437,1345.0593444924882,38107.06792905768,34285,0.8647662545607265,0.864256107982765,33118.771750208885
1064,707.0035231999999,1340,39345,1345.8942897913626,38080.76463792991,34266,0.8663596895145376,0.8644101749755729,33101.77172755832
1065,707.4368731249999,1344,39095,1346.872817051323,38067.854039728365,34047,0.8662816879023072,0.8646767093395933,33100.25350517502
1066,707.8701177,1345,38833,1347.842419986837,38061.87592017867,33856,0.8672375160051217,0.8650110419719731,33107.055357991616
1067,708.3032569249999,1348,38413,1349.0166708192453,38057.45441572783,33541,0.8685552407932011,0.8653795006380479,33116.52560646836
1068,708.7362908,1346,38078,1349.9698747423238,38050.04217535998,33118,0.8649678754219754,0.8657565880624063,33123.81893134549
1069,709.169219325,1343,38011,1350.3749122290167,38037.35468526961,32993,0.863150430893422,0.8660723237102705,33124.2614328744
1070,709.6020424999999,1338,38048,1350.549638723388,38023.36030261088,33106,0.8653772813947154,0.8664053959939667,33124.11354730508
1071,710.034760325,1335,37937,1351.127341502613,38006.83209132637,33046,0.8663734222173651,0.8667478461873704,33122.19114815674
1072,710.4673728,1341,37717,1351.8182518290075,37982.62825884998,32831,0.8656806685726853,0.8669818931092204,33109.80094679318
1073,710.8998799249999,1355,37525,1351.8433939613321,37948.9153095193,32632,0.8647221454243849,0.8672530947507868,33090.376656322274
1074,711.3322817000001,1365,37412,1351.470271127293,37906.9127726555,32519,0.8642605487280495,0.8675639530225082,33065.09100998826
1075,711.764578125,1353,37435,1350.8825794468473,37857.4975877136,32554,0.8647247935258577,0.8678047699696281,33030.84835443548
1076,712.1967692,1353,37637,1350.6301388479662,37801.96092776661,32744,0.865147172307353,0.8679735888119356,32988.65432965576
1077,712.628854925,1354,37844,1350.2750458673777,37741.415479398594,32956,0.8660454919155933,0.8681434196657665,32942.04555029496
1078,713.0608353,1349,37900,1349.6279870438482,37673.77286008671,33083,0.8682115400399442,0.8683069802054209,32889.05230016472
1079,713.492710325,1347,37892,1348.0805001245521,37587.69689007606,33151,0.8702695307155561,0.8684500986391519,32819.31366508805
1080,713.92448,1349,37915,1346.3224761602496,37486.61287911319,33251,0.8724498167696767,0.8685524186283792,32735.168520237658
1081,714.356144325,1356,37904,1346.2066637975688,37382.02928718585,33274,0.8733172813833863,0.868615702852691,32646.81378966619
1082,714.7877033,1353,37724,1347.0101474551825,37277.60642370084,33069,0.8720134172830002,0.8686405229701687,32557.319780741862
1083,715.219156925,1366,37388,1347.7299599084658,37168.711567645216,32682,0.8693576147909611,0.8686396383521676,32463.041224036162
1084,715.6505052,1366,36857,1347.7871299462922,37054.24245169695,32159,0.8676284128370573,0.8686867816290396,32365.565154363012
1085,716.081748125,1363,36462,1347.7720899680369,36942.72653967176,31854,0.8687142083820052,0.8686462748882428,32267.55283245312
1086,716.5128857,1358,36336,1347.8979818342173,36841.85900020315,31800,0.8703184859054263,0.8685511618099507,32176.857912975902
1087,716.9439179249999,1352,36347,1348.1664363858495,36759.29228295021,31865,0.8719245606515217,0.8685188275872442,32104.208521143693
1088,717.3748448,1355,36482,1348.491109651382,36698.97175473893,32026,0.8731460130384036,0.8685751907567877,32053.855262859244
1089,717.805666325,1351,36563,1348.3287956691852,36657.23533941808,32050,0.8718334658639101,0.86866792988149,32020.77297333967
1090,718.2363825,1341,36689,1348.03243561573,36617.524564542095,32076,0.8694975670476406,0.8688246459881297,31991.74221386607
1091,718.666993325,1337,36844,1347.5338739269034,36574.62642415387,32136,0.8674064269017376,0.8690116883596211,31960.92518516779
1092,719.0974987999999,1326,36675,1346.8455231148805,36525.975220276094,31967,0.8668137712523692,0.8692639618496596,31927.404629775825
1093,719.5278989249999,1331,36491,1346.5961856440433,36468.09026251941,31840,0.8677189988623436,0.8695820958820406,31888.30369883741
1094,719.9581937,1340,36538,1346.5329226029776,36409.53342091484,31940,0.8693675777032785,0.8697715497119884,31843.937846836234
1095,720.388383125,1329,36480,1346.3564293641725,36361.058551721886,31857,0.8684816932661944,0.8698879305012097,31805.671317583026
1096,720.8184671999999,1318,36255,1346.0941584180584,36326.565765928324,31654,0.8683058075965309,0.8700450151134347,31781.069423995403
1097,721.2484459249999,1330,36087,1345.6550091734548,36300.26473985751,31595,0.8707598469373076,0.8702047868197342,31763.71614306039
1098,721.6783193,1348,36014,1345.3417064938924,36277.47310244783,31487,0.869410950210581,0.8703023097602303,31747.238646401347
1099,722.1080873249999,1343,35917,1345.5786767536947,36254.089039388644,31347,0.8678197489442934,0.8703878784153819,31729.877233911822
1100,722.53775,1337,35847,1346.0767401299884,36225.67177059434,31313,0.868617791944364,0.8704948010057725,31708.87338331498
1101,722.967307325,1335,35890,1346.360891526396,36198.23117171327,31327,0.8679496454926928,0.8706140735535197,31689.083580601444
1102,723.3967592999999,1346,35951,1347.0542254637448,36183.28836440167,31330,0.8664643837595724,0.8707203315871765,31679.714670773363
1103,723.826105925,1349,36052,1347.6808534734391,36181.4494552531,31430,0.866812667492724,0.8708368140817919,31682.070420620475
1104,724.2553472,1380,36371,1348.0091055289784,36191.565630024896,31755,0.8680803635220485,0.8710518795299879,31698.372511268055
1105,724.684483125,1402,36579,1348.1007497338298,36214.40082448004,32040,0.8709668249140063,0.8713674133216647,31729.389204737894
1106,725.1135137,1370,36632,1348.0983487734459,36250.22775147726,32136,0.8724973058816856,0.8717181859715198,31773.029151282546
1107,725.5424389249999,1348,36582,1348.4126254275036,36300.00394119842,32100,0.8727933246296191,0.8720757954242273,31829.159369407527
1108,725.9712588,1338,36508,1348.6869011755389,36362.141158349434,32065,0.8736707421097526,0.8724034726375244,31895.034111757297
1109,726.399973325,1341,36477,1349.1477043647387,36429.35898887787,32028,0.8733777322404371,0.8726695037909102,31963.206414640717
1110,726.8285824999999,1337,36326,1349.8455457654502,36488.4549819921,31986,0.8759610163194147,0.8729083698003084,32023.42284083383
1111,727.257086325,1348,36203,1350.6064690026697,36535.80676798952,31968,0.8784966288911203,0.8731893065093705,32074.919613127655
1112,727.6854847999999,1347,36186,1351.149969421705,36572.84751636434,31951,0.8784408278079164,0.8735358938937942,32119.651566286273
1113,728.1137779249999,1340,36205,1351.2281591881776,36603.55799678292,31893,0.8763229599885272,0.873973668585475,32161.951527780308
1114,728.5419657,1346,36233,1351.433101542478,36636.20505560644,31905,0.8759423280878265,0.8744976743103184,32208.975990395542
1115,728.970048125,1349,36406,1351.8859770322965,36674.718861128655,32055,0.8758878398037482,0.8749364841790345,32258.170445536085
1116,729.3980251999999,1360,36625,1351.6996987473974,36724.26059480326,32228,0.8753154685949242,0.8752962211780625,32314.189562616877
1117,729.825896925,1370,36940,1351.4014133955209,36786.92948877593,32475,0.8744728703964014,0.875633503124629,32380.88797028183
1118,730.2536633,1361,37221,1351.2209336564554,36849.371809100296,32703,0.8740100390407138,0.8759615283592768,32447.113139594843
1119,730.6813243249999,1354,37264,1350.9516863348854,36906.73007316064,32776,0.8750208855472014,0.8763299593386421,32510.31910122477
1120,731.10888,1355,37173,1350.478447982941,36966.698385013675,32712,0.8754536825060025,0.876729666417049,32576.901855081032
1121,731.5363303249999,1352,37035,1349.7392013408876,37025.345602391186,32615,0.8761314911862792,0.8770440917347578,32639.3987406277
1122,731.9636753,1353,36921,1348.944619357151,37071.41219506599,32556,0.8772773279352226,0.8773468836492981,32690.476953044745
1123,732.390914925,1353,36810,1348.4816870144023,37102.60162178008,32526,0.8791775953972417,0.877761298242699,32732.370903077583
1124,732.8180491999999,1348,36823,1348.369272237171,37121.19273369654,32531,0.8790133897110641,0.8781154083934902,32761.181340460087
1125,733.245078125,1351,37066,1347.930349498264,37126.669482886784,32703,0.8778384432311354,0.8783765104786861,32775.28598609193
1126,733.6720017,1348,37280,1347.3437903463016,37118.36838886428,32884,0.8776577980630079,0.8786348918850317,32777.2003669386
1127,734.0988199249999,1333,37332,1346.6847720219905,37096.028381163065,32952,0.8783299536098225,0.8789119192833938,32767.265759133214
1128,734.5255328000001,1334,37425,1346.0505107703202,37060.83052843709,33052,0.8788340583524978,0.8791602950447286,32744.9157625308
1129,734.952140325,1337,37446,1345.3964076196257,37014.362386463305,33032,0.8777590074496663,0.8793759156345612,32711.46596751846
1130,735.3786425,1341,37381,1345.6952818863138,36961.821649413774,32935,0.8766370699223085,0.8795597589212336,32671.60662755606
1131,735.805039325,1345,37332,1347.0694239959878,36904.76984756096,32951,0.8782615944646678,0.8797576830805622,32628.40662302594
1132,736.2313307999999,1341,37205,1347.7175473962911,36841.02015900629,32906,0.8801304929734552,0.8799920421634824,32580.439874062213
1133,736.6575169249999,1339,36908,1347.5215293664378,36766.14075063917,32685,0.8812730186398268,0.8802874384505306,32524.548800651715
1134,737.0835976999999,1347,36598,1347.3885025708137,36682.85326960903,32433,0.8818473234801849,0.8805844617934951,32461.338603365253
1135,737.509573125,1342,36413,1347.3747310244594,36593.47332895352,32264,0.8816971286818169,0.8808001984714342,32390.045437042125
1136,737.9354431999999,1339,36378,1346.6168656141444,36489.311558584996,32238,0.8818459430919832,0.8810602804844898,32307.24856735085
1137,738.361207925,1343,36524,1346.28224874853,36365.06835941854,32369,0.8818964782126716,0.8814369755783874,32210.787786812216
1138,738.7868672999999,1355,36690,1346.465310652537,36225.80672268838,32494,0.8812508843922456,0.8818848553070496,32103.541756324557
1139,739.212421325,1357,36732,1346.6040680422855,36082.30890846835,32503,0.880452296819788,0.8822034642316954,31988.137285102108
1140,739.63787,1347,36597,1347.3080024462356,35937.7077850001,32474,0.8830354609929078,0.8824197224105682,31868.362499716255
1141,740.0632133249999,1360,36311,1348.237468572309,35799.46877618904,32268,0.8843237675602987,0.8825492975070307,31751.28888536486
1142,740.4884513,1361,35950,1349.302000045275,35675.15291399511,31918,0.8834311486310676,0.8825865859174565,31643.42139119738
1143,740.913583925,1344,35659,1350.4498403134578,35566.79881763958,31647,0.8830831997668658,0.8826292838107082,31549.75014156546
1144,741.3386112,1348,35441,1351.196992004323,35471.48549230945,31430,0.8823512157920981,0.882692702842593,31468.08965095412
1145,741.763533125,1363,35137,1351.7011257332863,35380.108881287684,31178,0.8827796529875052,0.8828517094658637,31393.02079322235
1146,742.1883497,1361,34809,1352.3807107748498,35286.78724319849,30957,0.8848361635972255,0.8830588997926963,31317.806609435633
1147,742.6130609249999,1348,34631,1352.926113841737,35187.23805748647,30807,0.8851065108313554,0.8832192717641769,31235.516931300222
1148,743.0376668,1343,34535,1353.4041994155891,35084.536931753166,30679,0.8838274282959749,0.8833897393695802,31150.806156424238
1149,743.462167325,1346,34425,1353.913791931841,34981.276042491794,30605,0.8845188790471296,0.8836506044147262,31068.71861197249
1150,743.8865624999999,1351,34279,1354.342136854716,34880.31194364471,30521,0.8858722060252673,0.8839649783263501,30990.379261137816
1151,744.310852325,1348,34152,1354.9569639176166,34787.71016330994,30430,0.8865382270454822,0.884263915518069,30918.761987813406
1152,744.7350368,1345,34144,1355.608688758496,34700.371106932675,30365,0.8847830726546541,0.8845531853229784,30851.33226120578
1153,745.1591159249999,1353,34136,1355.2686584067328,34617.070035560726,30305,0.8831406521672818,0.8848727078101833,30788.331196629006
1154,745.5830897,1357,34144,1354.585947586556,34540.1958594752,30310,0.8830634092780675,0.885222778833461,30731.961607283833
1155,746.006958125,1360,34262,1354.1103535753664,34466.946046342404,30445,0.8839888152695885,0.885552023302383,30677.99320482851
1156,746.4307212,1355,34299,1353.8276065142777,34397.16865614104,30527,0.8855026711996115,0.8857908358115951,30623.920405897617
1157,746.854378925,1356,34302,1353.6513397811696,34337.90328206688,30525,0.885357858313604,0.8859678938109528,30577.043443792027
1158,747.2779313,1367,34378,1353.2812068223257,34294.7213979925,30515,0.8829784011390143,0.886101751105649,30542.935468526448
1159,747.701378325,1356,34347,1353.0517112505117,34266.03596910397,30487,0.882998393501258,0.8862262145450801,30521.44628417346
1160,748.12472,1354,34277,1353.0538857051993,34249.7140818585,30485,0.8848221607994411,0.8863518803507326,30511.066977733903
1161,748.547956325,1376,34384,1352.4622528256323,34245.09581190902,30610,0.8856640814348037,0.8864338058297678,30509.53006863064
1162,748.9710873,1376,34731,1351.5905230016276,34253.44721284675,30875,0.884395143156948,0.8864866888307076,30518.475639311742
1163,749.394112925,1360,35078,1350.7452716935572,34279.72907653562,31096,0.8819028412124088,0.8865997405217664,30545.37212620839
1164,749.8170332,1354,35145,1349.8100296722203,34327.05619606267,31220,0.8838448107484241,0.8867748638133561,30593.014111304317
1165,750.239848125,1338,35133,1349.069446646557,34395.65100002199,31307,0.886787986388519,0.8869678991555643,30660.119549706083
1166,750.6625577,1329,35030,1348.1621101270437,34483.09898298876,31323,0.8900032639981009,0.887269371102896,30747.73759314988
1167,751.085161925,1332,34726,1347.4647443882952,34582.86097080275,31165,0.8933640773791699,0.8875870890929293,30846.96033885193
1168,751.5076607999999,1339,34460,1347.3227932682246,34686.7693945496,30922,0.8931795537574349,0.8878231570938396,30947.23977892985
1169,751.9300543249999,1345,34294,1346.6232077736497,34786.645450632415,30752,0.8925005311238581,0.8880315748974053,31042.963147522565
1170,752.3523424999998,1347,34230,1345.8798840290576,34876.65161158737,30626,0.8903992944682663,0.8882220237709204,31129.25490951038
1171,752.774525325,1342,34245,1345.5541688373205,34952.13318534894,30593,0.889007081421147,0.8884299747690726,31203.255022763224
1172,753.1966027999999,1343,34372,1345.121361752222,35012.02382839862,30777,0.8911562566229677,0.8886389779727871,31263.457224398593
1173,753.6185749250001,1346,34433,1344.6746698679212,35060.8029173927,30867,0.8922235319007465,0.8887878917949865,31311.770866836698
1174,754.0404417,1345,34410,1344.340324809143,35101.00498312465,30824,0.89154695297142,0.8889067197358282,31351.43434732324
1175,754.462203125,1342,34422,1343.6259711431483,35135.329860245314,30780,0.8899032648125755,0.8891057374185766,31388.513420461924
1176,754.8838592,1337,34512,1342.9116854288627,35170.38485582845,30834,0.8891333835719668,0.8894263017931926,31430.38322498751
1177,755.3054099249999,1330,34777,1342.2449432602973,35210.727105936036,31059,0.8888390588094598,0.8898375160851087,31480.089945411524
1178,755.7268552999999,1345,35016,1341.7541960180042,35255.846927449544,31241,0.8878857176799025,0.8901863820198328,31532.169471561607
1179,756.148195325,1355,35298,1341.6778182971043,35297.3330086745,31448,0.8865745514539081,0.8904846459880287,31579.46596751848
1180,756.56943,1349,35697,1341.8196108631873,35327.04779270131,31748,0.8850296960521719,0.8907722853180249,31615.93508346674
1181,756.9905593249999,1344,36103,1342.2096083716249,35336.46981811525,32120,0.8854109726977186,0.891154602849144,31637.16813517799
1182,757.4115833,1342,36349,1342.369068382044,35315.243380370346,32422,0.8878224355128974,0.8916828397671728,31635.55953702174
1183,757.832501925,1342,36342,1342.2179437812604,35269.003692042184,32514,0.8906285714285714,0.8922108403708087,31611.53521030994
1184,758.2533151999999,1331,36166,1342.588099390674,35212.86044983964,32411,0.8922061145399741,0.8926225731549104,31574.884368841274
1185,758.674023125,1326,35958,1343.1095155042892,35152.56001268365,32259,0.8931912681912682,0.8930053440391379,31533.612879113305
1186,759.0946256999999,1337,35820,1343.6410337719738,35093.93540057466,32207,0.895223733433866,0.8934515875661758,31495.97300052036
1187,759.5151229249999,1340,35752,1344.7766200819694,35039.39556954791,32220,0.8973613855631757,0.8938578753818129,31460.7539921623
1188,759.9355148,1340,35701,1345.8767355998746,34990.67491902354,32141,0.8963941678065248,0.8941259199086199,31426.139346303953
1189,760.3558013249999,1355,35585,1346.4384923780576,34953.1129810408,31963,0.894186386210926,0.8942193409057008,31395.577476272927
1190,760.7759825,1353,35330,1346.3636095947556,34925.40517338944,31685,0.8927215469288048,0.8942767235186798,31372.677252032285
1191,761.196058325,1350,34916,1345.9969874742092,34906.00944528688,31270,0.8913781803014955,0.8943891786590067,31359.127545357165
1192,761.6160288,1358,34459,1345.7799497157093,34884.06215316248,30888,0.8921180628984019,0.8946653044629985,31348.651045323186
1193,762.035893925,1343,34072,1345.728532922577,34846.22618858798,30611,0.894252803324269,0.8951174171522247,31329.69664091992
1194,762.4556537,1345,33931,1346.2284536455832,34792.55147341889,30516,0.8952003928067268,0.8955302710578195,31295.447280798515
1195,762.875308125,1350,34019,1346.8874493193246,34727.24057169972,30600,0.8953442101074413,0.895902550497981,31249.560261839983
1196,763.2948572,1353,34161,1347.5477360755365,34654.73870302772,30727,0.8953304072177518,0.8962016698901023,31194.90015628833
1197,763.714300925,1359,34287,1347.810007021651,34576.070397969845,30925,0.8978984450923226,0.8964745376781277,31133.766314072196
1198,764.1336392999999,1349,34388,1347.9333393734594,34493.89974857801,31133,0.9014800690093526,0.8967672709996112,31070.257491675322
1199,764.552872325,1339,34479,1348.4156379532685,34402.64710412401,31256,0.9027459263729631,0.8970078063684005,30997.24541892169
1200,764.972,1354,34451,1348.928809259527,34297.69426261005,31211,0.9021059310511527,0.8972818587721807,30912.872499942783
1201,765.3910223249999,1361,34101,1349.2218170286724,34179.6926544196,30846,0.9005803298717165,0.8975370105937206,30816.007678542526
1202,765.8099393,1359,33497,1349.01232190987,34048.34539853612,30258,0.8992158815109839,0.897752905218522,30705.79324559954
1203,766.228750925,1351,32904,1348.6086208067873,33911.34143468643,29761,0.9003898203023484,0.8978770137398029,30587.628190898417
1204,766.6474572,1345,32507,1348.4499988674454,33771.06276472789,29422,0.901001219433926,0.8979157214354551,30463.77270153286
1205,767.0660581249999,1342,32361,1348.8088744931674,33627.80384606608,29310,0.9016409297527322,0.8979780783588915,30337.48768941481
1206,767.4845537,1337,32654,1349.2137760764426,33484.0965820284,29507,0.8995114474566529,0.8980227412477477,30209.59836009818
1207,767.902943925,1340,33340,1349.4067815805308,33342.58196108568,30005,0.89578125,0.898061618548948,30083.030261160493
1208,768.3212288,1353,33938,1349.2190083580344,33202.85743731391,30515,0.8949516648764769,0.8982156626553424,29961.40515073897
1209,768.7394083249999,1350,34191,1348.542617046793,33063.38372330001,30758,0.8954660333120185,0.8985404323513255,29845.25887336009
1210,769.1574825,1336,34171,1347.701420190692,32926.6435479846,30727,0.8951119232526268,0.8988874318158019,29732.340823121132
1211,769.575451325,1333,33875,1346.4726267865376,32795.54988787905,30403,0.8933071108106447,0.899155181679305,29622.15105664851
1212,769.9933147999999,1336,33628,1345.4317425082984,32667.148451832938,30209,0.894122383252818,0.8993890732640288,29513.628802463812
1213,770.411072925,1342,33584,1344.671679992726,32538.51919635716,30242,0.8963463804974877,0.8996026391913049,29404.589526376025
1214,770.8287257,1349,33415,1343.865795374728,32414.839588665036,30162,0.8985529844695316,0.8997196222290008,29296.95268295942
1215,771.2462731249999,1370,33007,1343.9650048698468,32301.499445060424,29867,0.9007491228624711,0.899719751852844,29194.897053160326
1216,771.6637152,1369,32505,1344.398559423744,32195.73093388237,29438,0.9014966598150052,0.8997193452144818,29099.473102447973
1217,772.081051925,1356,32211,1344.6781127545098,32090.37158259469,29100,0.8991735537190083,0.89978105541192,29006.08747649948
1218,772.4982832999999,1352,32111,1344.964914267568,31983.21379872643,28933,0.8966806463148997,0.8999117855670343,28913.198713447087
1219,772.9154093249999,1338,31990,1344.5286869464508,31872.767129492695,28867,0.8981143155422159,0.9000339364810727,28817.209245961985
1220,773.3324299999999,1336,31770,1344.3470067271935,31765.459625358966,28703,0.8992245514884668,0.9001099391669,28722.761534802055
1221,773.7493453249999,1336,31445,1344.6791093795753,31672.68135178539,28430,0.8998638280912684,0.9001130577462837,28639.27205599166
1222,774.1661553,1343,31117,1344.9904867607165,31589.41962445295,28116,0.8992073621280312,0.9000946368742614,28563.63654895866
1223,774.582859925,1348,30784,1345.3891141361946,31507.480667738182,27858,0.9005979073243647,0.9001892518134543,28492.69054791673
1224,774.9994592,1338,30566,1345.5771365149576,31429.959296925714,27762,0.9040645955932667,0.9004117154427703,28429.840698543027
1225,775.415953125,1334,30418,1345.4066909782525,31363.97859521107,27599,0.9030738550405721,0.9007212645909232,28380.099050940586
1226,775.8323416999999,1336,30285,1345.4751636503402,31309.67938118584,27460,0.9024145911775882,0.9009909259880542,28339.736551223716
1227,776.2486249250001,1346,30267,1345.7042741624696,31252.457156446886,27461,0.9029770754814841,0.9012038672892764,28294.98548098431
1228,776.6648028,1343,30225,1346.1391197988373,31177.04514258474,27508,0.9059275673429817,0.90134713241373,28231.756891435278
1229,777.080875325,1348,30149,1346.0404992185295,31082.59113456644,27507,0.9082670740599285,0.9014637592396892,28150.681532990016
1230,777.4968425,1341,30191,1345.797730412894,30973.937552378848,27485,0.9062045060658579,0.9016035639594688,28057.543160659952
1231,777.9127043249999,1333,30394,1346.0182563591216,30858.19558766844,27619,0.9045112005780943,0.9018324672065818,27960.740718928548
1232,778.3284607999999,1333,30682,1346.4131463906058,30754.211420416636,27860,0.9038468090905993,0.9020416344877791,27873.88561462267
1233,778.744111925,1342,30987,1346.9244150490126,30685.3591247814,28049,0.9008939112835217,0.9020671785815269,27812.987406282733
1234,779.1596576999999,1359,31207,1347.6797662460951,30656.88461799755,28106,0.8961069418386491,0.901988688993774,27785.285306574926
1235,779.575098125,1354,31218,1348.1447597906827,30652.311558585112,28080,0.8949236538976695,0.9018668377916499,27777.817866768815
1236,779.9904332,1361,31087,1347.769122743411,30657.307187025173,28022,0.8968916100383503,0.9017356347467264,27778.46651113222
1237,780.4056629249999,1366,31120,1347.4378355115373,30662.3692042849,28116,0.8990387847012167,0.9016133177825144,27779.08734059608
1238,780.8207872999999,1361,31365,1347.396317017347,30667.591859384673,28415,0.9016797760298627,0.901575641395298,27782.245962535424
1239,781.235806325,1364,31512,1347.7006953724626,30680.713742100033,28630,0.9044049356507894,0.9016140147424674,27794.840222881074
1240,781.65072,1350,31434,1348.0435796960035,30698.83120795429,28627,0.9066945884855737,0.9016491590485044,27812.055516545708
1241,782.0655283250001,1337,31284,1348.7749892409536,30709.123219098372,28452,0.9054329315123385,0.9017648842001151,27824.750345420656
1242,782.4802313,1338,31156,1349.4362726222305,30702.28014224499,28212,0.9012676906566504,0.9018843982591084,27822.19108020513
1243,782.894828925,1346,30973,1349.8004258306837,30678.456431628663,27954,0.8980997063489384,0.9018650835538708,27800.186957801452
1244,783.3093212,1357,30822,1349.980248703229,30638.233346168065,27845,0.8989648735788224,0.9017478028500725,27760.383134385298
1245,783.723708125,1351,30640,1350.0520736596266,30588.697773448417,27723,0.9004062958789989,0.9016561053971301,27712.96967088669
1246,784.1379896999999,1338,30267,1350.154137126523,30543.142879792846,27442,0.9023471257215943,0.9015909916510584,27669.98165303804
1247,784.552165925,1341,30118,1349.8478108224162,30511.350177806387,27314,0.9025610730791952,0.9015100657580994,27638.913316269376
1248,784.9662367999999,1345,30290,1349.2570160139271,30496.032662120873,27420,0.9008464328899637,0.9014764858920291,27624.040499218027
1249,785.3802023249999,1343,30414,1348.6865614169938,30495.180978051012,27506,0.8999690413126483,0.9015111450510851,27624.11608416899
1250,785.7940625,1344,30341,1348.0091734806874,30499.778568030404,27395,0.8984032830982516,0.9016030058389429,27630.75675553187
1251,786.207817325,1351,30157,1347.4668961924135,30493.50386192154,27255,0.8992570992154413,0.9017018267175188,27627.75680083301
1252,786.6214667999999,1356,30120,1347.0955854039473,30468.684432262882,27236,0.8997357808371576,0.9017863907461952,27607.684454913513
1253,787.035010925,1351,30297,1347.3693628394496,30429.62338897765,27422,0.900677122918538,0.9018574209705229,27574.536841151024
1254,787.4484497,1365,30454,1347.7352827923362,30381.083263493492,27632,0.9029873835470453,0.9019767777289256,27534.312124849414
1255,787.8617831249999,1368,30594,1347.8979818342173,30326.203470066695,27773,0.9034763566687196,0.9020862927401199,27488.132551133138
1256,788.2750112,1351,30733,1347.5962988968913,30269.10709189278,27846,0.901742563474236,0.9020494389720607,27435.8000407705
1257,788.688133925,1338,30711,1346.4691159482404,30212.990396157882,27788,0.9004868416573043,0.9019817956644981,27383.409839406937
1258,789.1011512999999,1333,30365,1345.3306530158973,30162.421277944566,27540,0.9026935794984844,0.9019424240299895,27336.827833019477
1259,789.5140633249999,1335,29814,1344.5915422772628,30118.87021223526,27110,0.9050528459566698,0.90178631861316,27293.24451289897
1260,789.9268699999999,1341,29507,1344.2838116378368,30079.15570001528,26888,0.907015550663921,0.9014464138299031,27247.7304582205
1261,790.339571325,1355,29434,1343.5420507825513,30036.916895059338,26825,0.9070835855977777,0.9011003503076963,27199.577838682122
1262,790.7521673,1349,29402,1342.9292849214899,29992.22809123592,26724,0.9045378390902934,0.9008387215959895,27151.654171101884
1263,791.1646579249999,1339,29393,1342.6218260889002,29957.25690276053,26624,0.9012974976830399,0.9006201944736286,27113.80269088716
1264,791.5770432,1329,29321,1342.4381073183733,29938.95927427517,26508,0.8995070020005715,0.9004275804998374,27091.8904618446
1265,791.9893231249999,1331,29217,1342.698679471763,29931.340211555747,26449,0.9007387219393244,0.9003393948047117,27082.770708282795
1266,792.4014976999999,1339,29280,1342.8858637794483,29924.282248747983,26473,0.899538312873555,0.9004323467202878,27079.31885206861
1267,792.813566925,1344,29535,1342.634895467595,29912.67070601768,26707,0.8996842964066546,0.9005216334362582,27071.576910008767
1268,793.2255308,1344,30009,1342.2225644974715,29895.55663774887,27190,0.9016570730856445,0.9004713226973287,27054.774151169382
1269,793.637389325,1348,30755,1342.2812974246044,29870.87182042571,27867,0.9017920903186316,0.9003476957101785,27028.94763188242
1270,794.0491425,1337,31361,1342.8777322249396,29840.070171464242,28404,0.9015121236344258,0.9002432768990097,26998.221296065076
1271,794.460790325,1330,31458,1343.3244694103796,29804.12620897358,28476,0.9010223048327137,0.900153709436098,26963.34127613258
1272,794.8723327999999,1340,31036,1343.1937982740005,29752.27146707683,28116,0.9016702586206896,0.9000989410738899,26915.12136175173
1273,795.283769925,1356,30350,1342.7406056762072,29681.06890303234,27411,0.8986342001793475,0.9000831444376983,26850.467643660722
1274,795.6951016999999,1363,29520,1342.1898117737405,29601.965321977277,26606,0.896508861029229,0.9000580846285602,26778.33144578535
1275,796.1063281249999,1359,28927,1341.7343088178409,29529.30530702791,26093,0.8971996517701684,0.9000328787908014,26711.97189064254
1276,796.5174492,1350,28870,1341.4621848739237,29470.00541348559,25989,0.8953125,0.9000478782069875,26658.7276268993
1277,796.928464925,1344,29088,1341.5184035878247,29418.943260322434,26149,0.8940671856978085,0.9001008661519977,26613.988108450416
1278,797.3393753,1329,29313,1341.72499943371,29370.88989558031,26345,0.8939393939393939,0.9000662835524696,26569.6174318779
1279,797.750180325,1318,29383,1341.609662732992,29324.215044507808,26424,0.8945661856404775,0.9000081431123331,26525.85816213227
1280,798.1608799999999,1325,29307,1341.6464246075532,29280.808194975543,26439,0.8975055392752483,0.9000441146166984,26487.743006636112
1281,798.571474325,1330,29194,1341.9341547939673,29250.0448254768,26448,0.901449899511915,0.9001090452465721,26461.908129288946
1282,798.9819633,1347,29150,1342.4193073455538,29234.720582572092,26424,0.9019530266518002,0.9001557077809995,26449.427167092745
1283,799.392346925,1345,29083,1342.7905501823116,29224.509003600877,26344,0.9012545965823059,0.9002114316825375,26441.66599469926
1284,799.8026252,1338,29043,1343.2333914697697,29205.261772633028,26354,0.9029417072730554,0.9003689484227273,26428.626039094375
1285,800.212798125,1340,29093,1343.5906589050458,29168.459421503892,26446,0.9046229236478939,0.9006150699691486,26402.243878683043
1286,800.6228656999999,1352,29204,1343.8455457654502,29118.79992751762,26510,0.9032744506678156,0.9008523876335126,26364.19658429359
1287,801.032827925,1359,29183,1344.408389770977,29062.406872182277,26449,0.9017395054629097,0.9010798246905563,26319.933180818993
1288,801.4426847999999,1360,28888,1344.7866995854688,29001.320845318704,26191,0.902027027027027,0.9012431560692145,26269.678475163142
1289,801.8524363249999,1357,28552,1344.6382024507657,28937.59260685351,25943,0.9040632469203898,0.9013325927984731,26214.925139866766
1290,802.2620825,1350,28326,1344.0831728917724,28867.591768782433,25743,0.9042482206405694,0.9013655817980394,26152.93157262855
1291,802.6716233249999,1341,28216,1343.439194545717,28779.87021223529,25573,0.9016558139534884,0.901408003462561,26075.251036263064
1292,803.0810587999999,1342,28197,1342.8507327459026,28672.063240389947,25556,0.9016570471048222,0.9014986012462052,25980.520963101724
1293,803.4903889249999,1347,28230,1342.5423905410962,28558.015560940818,25622,0.9029870178179519,0.9016350520150367,25881.31980339256
1294,803.8996136999999,1338,28278,1342.739405196015,28462.02561779374,25649,0.9024127691165553,0.901842115507281,25800.43581961037
1295,804.308733125,1330,28304,1342.9469523658263,28405.784208022287,25672,0.9024245569807964,0.9020766907901568,25756.20806813242
1296,804.7177472,1328,28250,1342.5392647624828,28384.60538177481,25651,0.9034618527598247,0.9023528173228019,25744.62533692673
1297,805.1266559249999,1332,28337,1342.2277061767847,28376.137534258436,25768,0.9048694686169227,0.90269543004957,25746.12740945386
1298,805.5354593,1344,28780,1342.322747967086,28361.004598065098,26166,0.9047237206589882,0.9030798192325061,25742.807515458517
1299,805.944157325,1352,29259,1342.9889238714097,28325.69670887169,26581,0.9040384133013223,0.9034014674004809,25719.414369520895
1300,806.3527499999999,1348,29291,1344.088495775643,28263.24285940737,26594,0.9034820885373797,0.903626651833805,25668.98160773694
1301,806.761237325,1343,28867,1345.1130263425866,28181.982491109105,26121,0.9002325243423921,0.9038621414073457,25601.922512400695
1302,807.1696192999999,1339,28405,1345.7456341026718,28097.45625042416,25670,0.8989507130717506,0.9040410893122169,25530.27386803729
1303,807.5778959249999,1340,28193,1346.0057079435292,28018.60012684265,25557,0.901835921498529,0.9040805407507667,25459.930508051788
1304,807.9860672,1348,28265,1345.8694874175826,27949.729008584032,25670,0.9035925251699669,0.904022228347682,25395.880790051386
1305,808.3941331249999,1362,28313,1345.3559763527794,27889.81677954147,25703,0.9031575822789507,0.9038860694683499,25337.797277401045
1306,808.8020936999999,1365,28051,1344.8795669210822,27834.358445264363,25472,0.9033575657648205,0.9037814928009886,25284.674148904363
1307,809.2099489249999,1347,27678,1344.4893202563787,27778.04989920443,25118,0.9027761953590825,0.9038161240621654,25234.55453124597
1308,809.6176988,1338,27472,1344.0485854718988,27713.68708237959,24891,0.9012397642917273,0.9037955977770721,25175.82907880085
1309,810.0253433249999,1327,27381,1343.1869804525325,27637.010645767212,24771,0.899823443617103,0.9036304457530847,25102.236834355903
1310,810.4328825,1327,27291,1342.395728102536,27557.229767378125,24676,0.8992836234786628,0.9034530098467142,25025.619040068377
1311,810.8403163249999,1333,27204,1341.7449092844427,27488.93555912879,24678,0.9023617177534692,0.9033340066206126,24961.01678407164
1312,811.2476448,1336,27106,1341.6587465174491,27436.521869124485,24640,0.9043073341094295,0.9032565588633915,24911.80423112593
1313,811.654867925,1337,26964,1341.7413078438667,27394.567351468362,24544,0.9055683458851992,0.9031979254185845,24872.397290991394
1314,812.0619856999999,1345,26756,1341.7538562594593,27351.501506262357,24369,0.9060643028609657,0.9031360682160096,24831.91315771544
1315,812.468998125,1348,26583,1341.8025776348018,27299.452105369925,24237,0.9070338815137705,0.9031805085228546,24786.103218645476
1316,812.8759051999999,1352,26771,1341.6630727762547,27239.420326620693,24457,0.9089657342932452,0.9033558804308272,24736.31502412238
1317,813.282706925,1359,27290,1341.3275498878538,27175.650365806174,24881,0.9070996105048013,0.9034891139101201,24681.90330471764
1318,813.6894033,1357,27666,1341.066343518514,27111.062991233706,25199,0.9062298072902809,0.9035078729616957,24623.915218917282
1319,814.095994325,1341,27549,1341.3595777933558,27047.08575505622,25097,0.9064407814407814,0.9034926244119257,24565.773267797216
1320,814.5024799999999,1345,27047,1341.4966590409492,26979.91795963617,24643,0.906466422846471,0.9034612256990241,24504.314389906438
1321,814.908860325,1356,26635,1341.0578042537513,26905.07014881372,24245,0.9054551208512995,0.9033288424617143,24433.41665722846
1322,815.3151353,1345,26525,1340.4807356904766,26824.93299961443,24081,0.9029388403494837,0.9031511055759621,24356.679879498504
1323,815.7213049249999,1339,26550,1340.1321207728117,26750.704500667678,24081,0.9020665582483837,0.9030417506725789,24287.10206346643
1324,816.1273692,1335,26713,1340.147160751067,26695.177150104817,24190,0.9005831822838679,0.9029366328426326,24234.582346145544
1325,816.5333281249999,1328,26880,1340.3714466918586,26658.746811931807,24337,0.9004774577332498,0.9028307626962657,24199.303608235285
1326,816.9391817,1327,26901,1340.3606650206996,26630.97857256059,24325,0.899272698834754,0.9027497039351355,24172.424086615316
1327,817.344929925,1331,26884,1340.1122109220792,26602.963645835185,24260,0.8973114702774625,0.9025659010740772,24142.450021517572
1328,817.7505727999999,1337,26867,1339.3286597657675,26575.58180253183,24273,0.8983940462201332,0.902326330493752,24111.464291376462
1329,818.156110325,1333,26759,1338.5523114906084,26553.805590160086,24196,0.8991976716746637,0.9021791086634565,24087.937824185818
1330,818.5615425,1329,26548,1338.4293188973447,26539.01157444059,24033,0.9002736032356556,0.9020951237907493,24072.4473940515
1331,818.966869325,1328,26322,1338.5994473260748,26529.865750073106,23832,0.9003760902616628,0.9019680558467961,24061.00949058823
1332,819.3720908,1324,26210,1338.7558042084502,26520.959342226946,23679,0.898296230812505,0.9017281117640615,24047.000339758084
1333,819.777206925,1340,26429,1338.698815375181,26509.43359985453,23914,0.8997568655586113,0.9013849970963985,24028.02267321977
1334,820.1822176999999,1354,26841,1338.6971845341652,26500.08106638831,24383,0.9035586769725743,0.9009602947163717,24008.917144215713
1335,820.587123125,1346,27034,1338.4253550476537,26492.85705225436,24618,0.9059483027094363,0.900474461412618,23990.12240367799
1336,820.9919232,1343,26839,1338.21330041448,26483.079797956416,24456,0.9065343583307185,0.8999792109942261,23968.742983985583
1337,821.3966179249999,1336,26541,1338.4150037373183,26469.719925705627,24135,0.9045427494544733,0.8995886041663562,23946.83949806292
1338,821.8012073,1339,26268,1338.9576207841374,26450.436000814916,23836,0.9024429379437603,0.8992448425451393,23920.87934041495
1339,822.205691325,1346,26057,1339.1361752247813,26420.49033953153,23650,0.9025939864837522,0.8989572619831033,23886.71283607737
1340,822.61007,1346,26006,1339.317040023531,26377.028811524106,23561,0.9008515815085159,0.8986580023299258,23840.141883167904
1341,823.014343325,1349,25989,1339.4212779451145,26320.968379804253,23427,0.8960227272727272,0.8983814333655562,23782.813631112367
1342,823.4185113,1349,25921,1339.907789530881,26265.246098438867,23301,0.8933745726843562,0.8981886702252677,23728.003986499807
1343,823.8225739249999,1349,25835,1340.8550137035688,26219.911390970985,23277,0.8955321408151596,0.898039423873028,23683.720877029602
1344,824.2265312,1336,25756,1341.5736030260907,26185.00885637224,23236,0.8968058968058968,0.8979775472089494,23651.00702167614
1345,824.630383125,1331,25849,1341.857414663953,26154.574056037007,23292,0.8957092748185007,0.8980051256613812,23624.4901809776
1346,825.0341297,1340,26135,1342.3120568982056,26120.309293528233,23611,0.8982052833232507,0.8981341122054874,23596.913135064893
1347,825.437770925,1340,26320,1342.774490928421,26081.761376248116,23833,0.9004403522818255,0.8982579287711709,23565.23298375909
1348,825.8413068,1333,26301,1343.0143831117093,26043.184420937687,23794,0.8995914770906761,0.8982926033784346,23531.273890687902
1349,826.244737325,1330,26267,1343.2323948447045,26006.13925570178,23759,0.8994265549183944,0.8982824591836451,23497.608258397246
1350,826.6480624999999,1330,26372,1343.1912161090595,25975.056671724797,23837,0.8987700662886351,0.8982439479887468,23468.53131441211
1351,827.0512823249999,1334,26476,1342.7662914222035,25950.940451651863,23888,0.8970646726592952,0.8981661098807674,23444.767650455957
1352,827.4543968,1337,26413,1342.243697478966,25927.148361230786,23816,0.8964348380921997,0.898027457146884,23419.804117873115
1353,827.857405925,1352,26186,1342.0746562775796,25899.967881491724,23594,0.8956269630345494,0.897816722776544,23390.019139730914
1354,828.2603096999999,1355,25946,1342.1021993702884,25867.52660309357,23337,0.8939042739213533,0.8975547847487341,23354.459240299446
1355,828.663108125,1343,25921,1341.99424675528,25826.28152392983,23272,0.8922206851655953,0.8971936931912053,23308.808149674514
1356,829.0658011999999,1351,25947,1341.5305895943027,25773.882149085555,23290,0.8919743047650024,0.8968115158609955,23252.710140659594
1357,829.4683889249999,1362,25835,1341.186029128607,25711.626582708064,23267,0.8950680341600948,0.8964564383799808,23188.402727128145
1358,829.8708713,1358,25633,1340.539876327864,25643.362250560112,23148,0.8976313079299691,0.8961010082757681,23118.53154091781
1359,830.2732483249999,1350,25347,1339.8763278896208,25578.970780764645,22916,0.8986956702921198,0.8959074030585867,23055.905139413815
1360,830.6755199999999,1348,25114,1339.6234795804858,25524.333325782653,22715,0.8990574770680805,0.8959623234413217,23008.07529049311
1361,831.077686325,1344,25007,1339.4830233980128,25475.00409975262,22601,0.898322275282086,0.8961905337586634,22969.297922942318
1362,831.4797472999999,1333,24919,1339.2764955038365,25422.67910937911,22500,0.8974391588230306,0.8964554450676202,22928.796824389694
1363,831.881702925,1320,24887,1338.9870438741277,25364.862420439393,22480,0.897865659608775,0.8965968042734865,22880.477496658605
1364,832.2835531999999,1329,24970,1338.7596548052927,25303.529253210232,22551,0.8976777632079861,0.8965786352959728,22825.355704545527
1365,832.6852981249999,1335,25084,1338.4403723753394,25237.84174046929,22695,0.8994062907911912,0.8965978179306597,22767.245147115013
1366,833.0869377,1341,25200,1338.4039955604628,25166.711522344307,22837,0.9009598055241209,0.8967432836903838,22706.9768284668
1367,833.488471925,1333,25269,1338.6954404403016,25088.5458560778,22923,0.9019886363636364,0.8968905468727015,22640.104600330265
1368,833.8899008,1325,25432,1338.8657727241582,25003.226415093857,23036,0.9006097813912971,0.8969641285739731,22564.951437178213
1369,834.291224325,1332,25583,1338.881197762098,24914.078756030234,23113,0.8981485299575275,0.8969446251224378,22484.4272576951
1370,834.6924425,1331,25490,1338.350472264352,24819.544814151603,22984,0.8962705409992135,0.8968952749384801,22398.44279598589
1371,835.0935553249999,1328,25212,1337.4308138349422,24722.448413327125,22667,0.8934433093284208,0.8969036213585341,22311.28290561465
1372,835.4945628,1340,24907,1336.635733538673,24630.761489500983,22382,0.8928586582933763,0.8971449716992437,22234.316722915155
1373,835.8954649249999,1339,24669,1335.8036875127154,24547.522367437068,22181,0.8933561937419632,0.8975650710522893,22169.09345625
1374,836.2962617,1334,24477,1334.587510475863,24471.84174046931,22020,0.8938339886790823,0.8979089952905622,22108.861401163816
1375,836.6969531249999,1338,24268,1333.1150422432868,24399.083014337346,21813,0.8929350196249455,0.8982136183487734,22050.375727649127
1376,837.0975391999999,1343,24037,1331.822193028129,24330.25678950779,21624,0.8936723363003437,0.898419523503754,21993.284898864786
1377,837.4980199249999,1344,23888,1330.8600647806038,24269.861106706372,21500,0.8940738112136267,0.8984085113623207,21938.924301795767
1378,837.8983953,1334,23830,1330.2051009082622,24215.052345466025,21442,0.8938477951635846,0.8983335918509694,21888.15828218038
1379,838.2986653249999,1331,23852,1330.1128677885993,24159.155745316537,21512,0.8960969761555881,0.8982040195216175,21835.210423791737
1380,838.69883,1329,23923,1330.0511902874102,24099.615891639212,21676,0.9005488182703373,0.8979984553401085,21777.1818614234
1381,839.098889325,1334,23973,1329.4205984280247,24042.530249835323,21789,0.903529307831618,0.8977517200144676,21720.19164646949
1382,839.4988433,1325,23943,1328.8056581122762,23989.569299417424,21780,0.9043682023167389,0.8975347615177678,21667.4215950527
1383,839.898691925,1326,23872,1328.8455457654504,23934.624974517646,21702,0.9037523285726958,0.8974720031803689,21616.468527033045
1384,840.2984352,1340,23813,1329.3911300368948,23873.239507123144,21582,0.9007253148222312,0.8974988355016135,21561.931051665535
1385,840.698073125,1342,23825,1329.8894878705944,23806.533398264513,21508,0.896944357959347,0.8975225718029209,21502.629685836182
1386,841.0976057,1332,23855,1330.4765453350897,23736.67303902648,21475,0.8943302401989078,0.8974758733980056,21439.020747921397
1387,841.497032925,1331,23800,1330.903984235178,23662.16913180321,21434,0.894699363567582,0.8973312246371261,21369.085460598926
1388,841.8963547999999,1325,23685,1331.022673220206,23581.015787446602,21410,0.8982558139534884,0.897156092916416,21292.430609979438
1389,842.295571325,1323,23461,1330.6787469704607,23487.983940745657,21323,0.9034239768723462,0.8970462372856342,21206.492876395434
1390,842.6946825,1332,23260,1330.593852635368,23381.768533828177,21168,0.9045968624589565,0.8969684023560741,21109.444222971804
1391,843.0936883249999,1322,23229,1330.6583614577648,23276.99549253619,21047,0.9003971333363765,0.8970215201778631,21016.784751636096
1392,843.4925888,1312,23305,1330.9353779247294,23197.45788126527,21014,0.8958304915200291,0.8971237319207566,20947.955423678508
1393,843.8913839249999,1314,23359,1330.9501234455793,23150.053183537122,21038,0.8947153549557723,0.8972235056972346,20907.919726380722
1394,844.2900736999999,1318,23285,1330.4770662981919,23130.320347006284,21074,0.899349023535303,0.8972870302955414,20891.85315635648
1395,844.688658125,1322,23265,1330.026772973315,23134.289678134963,21114,0.9019732944446976,0.8972211262020948,20894.114974291202
1396,845.0871371999999,1328,23348,1329.711544995331,23152.851865273973,21129,0.8992279745685741,0.8970815516144082,20907.801603659937
1397,845.4855109249999,1332,23426,1329.5160026274407,23173.297016919532,21071,0.8934099755589753,0.8969537686467888,20923.242429046688
1398,845.8837793,1334,23369,1329.5216199687165,23186.827198803607,20915,0.8886317222600408,0.8968955062122357,20933.936057441446
1399,846.2819423249999,1341,23150,1329.2784887539667,23193.85068744434,20734,0.8892200467696822,0.8968245325564113,20938.50465469166
1400,846.6800000000001,1348,23062,1329.1921447824159,23198.71544089289,20658,0.8892880169475914,0.896764253898755,20941.393145937218
1401,847.077952325,1343,23106,1329.5899567373865,23202.818953996248,20735,0.8910536231218122,0.8966882000024754,20943.259190468238
1402,847.4757993,1336,23040,1330.2526218034127,23205.095925162073,20789,0.8962863988204939,0.8965664765148718,20942.55251534536
1403,847.873540925,1328,22915,1330.719382092434,23206.565584724012,20710,0.8978551906239867,0.8963558521578234,20939.20958572068
1404,848.2711772,1324,22830,1330.9918231443269,23208.94849260414,20659,0.8990514275086022,0.8961626706293931,20937.010079503096
1405,848.668708125,1328,22786,1331.232847856098,23210.048947880594,20640,0.8999906794668655,0.8961737718779287,20938.039706448213
1406,849.0661337,1338,22740,1331.5041337289376,23207.773879362623,20588,0.8994486496589104,0.896432083835417,20941.502819995523
1407,849.463453925,1350,22705,1332.1095608054288,23208.00799565065,20515,0.8974479044720206,0.8966800589653222,20947.18215588082
1408,849.8606687999999,1346,22757,1332.3461007044073,23211.57919771638,20494,0.8943066647984681,0.8967950224301815,20953.060703526295
1409,850.257778325,1331,22880,1332.3105393100382,23216.46322679971,20573,0.8929416678268133,0.8968844924715806,20959.56778182931
1410,850.6547824999999,1328,22865,1332.6661985548683,23225.583999637147,20572,0.8935320611041464,0.8968615244222901,20967.47486919256
1411,851.0516813249999,1325,22789,1333.1169901922779,23238.42279553286,20561,0.8961982855013045,0.8967436566184874,20976.605200570393
1412,851.4484748,1328,22875,1333.5106117918613,23249.533670071356,20704,0.8992435141783078,0.8966411484405097,20984.328976873363
1413,851.845162925,1328,23073,1334.072549774601,23256.945276223254,20900,0.9000689813750288,0.8965057487559804,20988.074271217516
1414,852.2417456999999,1329,23575,1334.382341615866,23259.940814061032,21325,0.8988582217027781,0.896458483975174,20989.83893179873
1415,852.638223125,1327,24379,1334.7531767423695,23251.605404425474,22027,0.8979698073919833,0.8967203254690812,20988.06274207756
1416,853.0345951999999,1327,24869,1335.1970599560323,23229.223062809586,22408,0.8954634270665194,0.8971252162578802,20976.722326666113
1417,853.430861925,1326,24601,1334.8818093274792,23199.55534666653,22173,0.8956820622986037,0.8974500657820487,20957.016172506337
1418,853.8270233,1327,23989,1334.2317832793242,23172.427597453636,21669,0.8976259818197865,0.8976666207946191,20937.140252326946
1419,854.223079325,1335,23552,1333.7050216312684,23148.46911594782,21299,0.8985911689246973,0.8978264768451312,20918.85990622624
1420,854.61903,1342,23206,1332.784887539896,23122.267593829543,21056,0.9016648371752652,0.8980537415966588,20900.091938661855
1421,855.0148753249999,1338,22883,1331.4728759428044,23097.03193730278,20803,0.9034578788582037,0.8982631061605019,20881.914720604822
1422,855.4106152999999,1331,22744,1330.4940768760077,23075.44338490069,20620,0.9008079204221734,0.8983866629512375,20865.20079729965
1423,855.806249925,1337,22833,1330.3413214342088,23056.18659539243,20629,0.8974692966133234,0.8982914276161454,20845.92790323637
1424,856.2017791999999,1348,22959,1330.8264286846559,23033.352171056657,20747,0.8976447179677016,0.8978873225390648,20817.016534915452
1425,856.5972031249999,1341,22968,1331.640807266277,22996.982264603514,20741,0.8970268645674389,0.8974231726223496,20774.804434981146
1426,856.9925217,1330,22877,1332.479535210285,22948.842714443832,20629,0.895669930848842,0.8970491862348077,20723.77791116407
1427,857.3877349249999,1327,22746,1333.224150037348,22896.190944301812,20538,0.8969139548998553,0.8967978530056909,20671.16990192264
1428,857.7828427999999,1337,22609,1333.7829848920444,22835.53405513105,20477,0.8997743512598722,0.8966425187218698,20613.525674420318
1429,858.177845325,1336,22467,1334.0570114838133,22768.681555640687,20323,0.8985376934361838,0.8964478476360968,20549.571836281288
1430,858.5727424999999,1335,22473,1334.1871390065205,22703.261931187135,20210,0.8929416217239096,0.8962730134868184,20487.363065980713
1431,858.9675343249999,1332,22635,1333.7622369702342,22636.975990395724,20243,0.8877153452565366,0.8961606823291282,20425.642392805785
1432,859.3622207999999,1325,22612,1333.419171442136,22562.43332804777,20277,0.8903086390754921,0.8961055145817716,20357.644703163893
1433,859.756801925,1327,22478,1334.2751138190872,22477.817549660944,20283,0.8962224008321119,0.8960223199872078,20280.100477926633
1434,860.1512777,1336,22347,1334.923078665403,22383.998822169953,20201,0.8978630241302175,0.8958301787225781,20191.96817594924
1435,860.545648125,1338,22090,1334.8946295499077,22285.520034428442,20017,0.9001060138781805,0.8956068908090253,20098.861559717843
1436,860.9399131999999,1340,21885,1335.2782169471307,22187.343110828813,19843,0.9006084205402775,0.8954855533625766,20008.09875648334
1437,861.334072925,1334,21881,1335.7036172959495,22092.177784320847,19778,0.8976492918674259,0.8955525045485987,19923.83825228166
1438,861.7281273,1327,21870,1336.1862556343037,22003.963940292677,19793,0.8988950007301757,0.8957128720371001,19847.748488074092
1439,862.1220763249999,1328,21815,1336.7535618020536,21921.53668259715,19762,0.899790110801972,0.8958408607281071,19776.30553353379
1440,862.51592,1321,21866,1337.7892364492711,21848.569843031135,19715,0.8953029934290582,0.8959652619480801,19713.353235633498
1441,862.909658325,1325,22023,1338.9435774309468,21796.937597680164,19796,0.8924050632911392,0.8960125548063546,19668.103875512094
1442,863.3032913,1340,22134,1339.8352171056845,21769.75802396389,19869,0.891074348369722,0.8958292395306866,19639.95990849132
1443,863.696818925,1340,22033,1340.2637432331164,21751.031484291416,19741,0.8892379065384429,0.895580373629708,19618.0411560847
1444,864.0902411999999,1335,21887,1340.5044281863431,21725.079730004793,19592,0.8883320358115998,0.8954140177041207,19591.394255815158
1445,864.483558125,1351,21781,1340.9175519264052,21689.242361094966,19521,0.8893783651492903,0.8952824883902618,19556.6804004617
1446,864.8767697,1371,21594,1341.676504564064,21641.30435570413,19420,0.8924986401621916,0.8952506660664058,19513.388026908502
1447,865.269875925,1371,21401,1342.3000520962842,21582.686063104073,19257,0.8929605591612582,0.8953460798450505,19463.1429930459
1448,865.6628767999999,1351,21244,1342.664114702459,21524.73913338879,19140,0.8942341527170361,0.8953358131134994,19411.286167296734
1449,866.0557723249999,1332,21146,1343.037985005297,21477.765974313843,19148,0.8991622085394165,0.8951147114790925,19365.01938888726
1450,866.4485625,1327,21210,1343.7702552718945,21439.07581145625,19246,0.9012221495750138,0.8948756270041037,19325.914494099157
1451,866.841247325,1334,21350,1344.1739563749773,21402.161543862418,19298,0.8974820143884892,0.8946309482163471,19288.246755305525
1452,867.2338268,1334,21404,1343.9174613241266,21362.99130218084,19271,0.8937219730941705,0.8943421573885286,19247.57795193512
1453,867.6263009249999,1334,21491,1343.4966363903795,21317.988878569886,19369,0.894726397777447,0.8941222642256224,19203.091055289675
1454,868.0186697,1335,21456,1343.1895852680436,21265.968243900927,19398,0.8977188012524229,0.8940112485987223,19154.654080499757
1455,868.4109331249999,1334,21161,1343.0007021676338,21210.82658723826,19159,0.8990265799162758,0.893838046193703,19102.237853631654
1456,868.8030911999999,1357,20934,1342.6373417291188,21158.737230740953,18956,0.8989630689073913,0.8933847720230484,19046.935717682936
1457,869.195143925,1369,20939,1342.117624408228,21110.812000271402,18933,0.8974961676034747,0.8927086534567474,18990.716188361774
1458,869.5870913,1346,21032,1341.5297515232253,21062.791705360985,19005,0.8970334247688713,0.8921419911399927,18936.558381842937
1459,869.978933325,1354,21225,1341.2331649640732,21013.644068947928,19192,0.8976901011524332,0.8918666545532553,18887.283630432943
1460,870.37067,1367,21400,1341.5212122584626,20966.494688441016,19337,0.8970199171367244,0.8916942277670323,18841.91519626683
1461,870.762301325,1353,21298,1341.9891730276759,20921.961063670355,19169,0.8932564552519429,0.891516444337102,18799.025685745633
1462,871.1538272999999,1349,21008,1342.4286167296852,20879.299010169703,18808,0.8880919680553436,0.8913415926110242,18758.018414912778
1463,871.545247925,1350,20703,1342.8120229223507,20838.458696685822,18506,0.8864775487004599,0.8911547666942865,18718.30992774432
1464,871.9365631999999,1347,20549,1342.9535663321674,20795.607669482488,18385,0.8873034058952193,0.8911146664655963,18679.5673741191
1465,872.3277731249999,1330,20658,1343.1031959953536,20747.914675303684,18436,0.8850372516556292,0.8911943511551087,18638.780312124494
1466,872.7188777,1319,20846,1342.7621237173857,20696.26417359357,18606,0.8852870384595688,0.8911260407646756,18591.50535685937
1467,873.109876925,1322,20780,1341.9920949511625,20643.520283584734,18626,0.889300030835646,0.8910290099074083,18542.440530928998
1468,873.5007708,1332,20519,1341.4804412330714,20592.978074248174,18424,0.8908114869442852,0.8910844096695418,18497.89114136185
1469,873.891559325,1336,20348,1340.766382024482,20543.198033930155,18243,0.8892804544498212,0.8910972844615669,18453.041631746684
1470,874.2822424999999,1336,20351,1339.9622415003482,20491.494643139882,18231,0.8885090717854326,0.8910569932813576,18405.393621599233
1471,874.672820325,1330,20481,1339.8352171056845,20436.39094883197,18336,0.8879954049396899,0.8910449006894351,18355.30186414153
1472,875.0632928,1329,20562,1340.3796914992154,20373.51509660429,18361,0.8855612748921126,0.8910580649982054,18299.029445740212
1473,875.4536599249999,1328,20408,1341.0668871321855,20301.114498629253,18242,0.8864779874213836,0.891110400115961,18234.975242927005
1474,875.8439217,1331,20101,1341.0396384968824,20219.544950055108,18041,0.8902503995737879,0.8912614022297747,18164.477224851857
1475,876.234078125,1329,19916,1339.779655258304,20133.761240344807,17894,0.8912142895572174,0.8915819253851951,18093.426578178096
1476,876.6241292,1333,19846,1338.4085483249648,20054.08668372971,17829,0.8910495327607627,0.8920374066117522,18030.39552424709
1477,877.0140749249999,1344,19819,1337.4445174295877,19982.721375342207,17811,0.8913125845737483,0.8924268208944979,17973.47181136571
1478,877.4039152999999,1346,19878,1336.21463679809,19916.565312917242,17845,0.8902978631556228,0.892596347734316,17917.116288024303
1479,877.7936503249999,1353,19983,1335.1003873247157,19858.768805635085,17931,0.8898550724637682,0.8926065304991764,17865.67883757242
1480,878.18328,1350,19951,1334.3664409159633,19805.93091576215,17932,0.8914574485242729,0.8926929306155618,17820.365852000836
1481,878.5728043249999,1357,19851,1333.8965548483288,19746.749009037198,17929,0.8960744025089218,0.8928551782282457,17770.881696074317
1482,878.9622232999999,1362,19901,1334.51403202788,19678.793200298613,18024,0.8987539781002212,0.8930799518611942,17714.78361910768
1483,879.351536925,1359,19955,1335.9248454098363,19606.873768374895,18055,0.897827489782749,0.8934304327304554,17657.23506761161
1484,879.7407452,1351,19942,1336.5463543907872,19534.442433576827,17979,0.8944112742724974,0.8938531715347555,17600.386237513536
1485,880.129848125,1339,19805,1337.5442931889486,19468.36877392429,17837,0.8934257554424347,0.8942535886381262,17549.101836960865
1486,880.5188456999999,1333,19455,1338.8600194794642,19411.638021245864,17596,0.8974175035868006,0.8945236069929872,17504.185372261778
1487,880.9077379249999,1334,19087,1339.4275295023413,19354.55842714407,17318,0.9003548695995043,0.894633978824033,17455.987995197745
1488,881.2965248,1327,18865,1340.1870031031024,19285.36900042999,17118,0.9003877295016536,0.8946977358227348,17395.649255928456
1489,881.685206325,1323,18755,1340.9369408140356,19201.969693537423,16993,0.8989215236346948,0.8947039623514668,17321.512355885417
1490,882.0737824999999,1317,18698,1341.542684998502,19113.794219574254,16925,0.8979920602957252,0.894710635034476,17243.118847538684
1491,882.462253325,1319,18739,1341.633309927719,19031.83945276187,17007,0.9005740528128587,0.8947323133003171,17170.048540170457
1492,882.8506187999999,1331,18848,1341.3041971505327,18958.3962490653,17099,0.9001541359821887,0.8947054091254955,17103.5729235087
1493,883.2388789249999,1334,18862,1340.9954698860422,18885.88210378455,17005,0.8940552259242355,0.8945825826934305,17036.825500011
1494,883.6270337,1340,18727,1340.9641667987694,18806.658134951733,16867,0.8930235233220222,0.8943459220390688,16962.542684998203
1495,884.0150831249999,1337,18615,1340.817187252234,18720.641849192147,16764,0.8928695450862368,0.8940273835650527,16880.735328093182
1496,884.4030271999999,1329,18579,1340.6160501936367,18631.990328206397,16712,0.891768115942029,0.8936495854754813,16795.50977372049
1497,884.7908659249999,1328,18605,1340.3318761466594,18546.18929081031,16761,0.8932685072639925,0.8932885948919618,16712.898548098165
1498,885.1785993,1327,18680,1340.0096944437896,18463.475095698304,16806,0.892007145738489,0.8928435649954807,16631.32419760325
1499,885.5662273249999,1334,18783,1339.493442660057,18376.465718362466,16852,0.8893346323571552,0.892324591258348,16544.75847697538
1500,885.95375,1359,18781,1338.731636050621,18278.7874017528,16833,0.8881873493284353,0.8919491252547757,16451.15479399275
1501,886.3411673249999,1360,18587,1337.8694421164435,18174.87037078948,16619,0.8857607244441864,0.8917556974615036,16354.780380076245
1502,886.7284793,1355,18397,1337.3272554304483,18071.19171442127,16418,0.8838751320267574,0.8916246256173891,16259.53611633301
1503,887.115685925,1367,18233,1336.8242995311075,17969.59783913531,16321,0.8866358354085142,0.8914556428704349,16165.564746653068
1504,887.5027872,1367,17994,1336.025685745971,17872.603456476587,16211,0.8927647801768208,0.8912366498379152,16074.75084373341
1505,887.889783125,1358,17731,1335.5894131237144,17782.035606695164,15996,0.894032858975142,0.8910351185963892,15989.835624815658
1506,888.2766737,1349,17543,1335.391379193161,17694.494461935377,15830,0.894220081511671,0.8907840608680614,15907.026999478734
1507,888.6634589249999,1336,17455,1335.5709982105793,17606.978481958482,15740,0.8936038215770209,0.8906809969531547,15826.977666538009
1508,889.0501388,1323,17430,1336.1536388139905,17525.754784932506,15639,0.8888061091450922,0.8908325740191643,15756.7166640238
1509,889.4367133249999,1327,17408,1336.842352035128,17452.766744433287,15574,0.885952366146384,0.8909899397675748,15693.890167387406
1510,889.8231824999999,1321,17296,1337.6953271874534,17386.611701283953,15497,0.8873865414710486,0.8909960139811711,15634.615053568297
1511,890.209546325,1324,17101,1338.509660467935,17320.57720446636,15394,0.8918045255752044,0.8909790736362251,15575.01098552599
1512,890.5958048,1338,16965,1306.5872386690276,17297.291127771532,15315,0.894413515070071,0.891837320105683,15559.863983328882
1513,890.981957925,1329,17027,1279.1472060522078,17250.60855285477,15313,0.8908141164479552,0.892597297714606,15524.047951255678
1514,891.3680056999999,1331,17134,1259.1065935808044,17187.15846338502,15396,0.8900208821109916,0.8932150636355993,15472.832884096739
1515,891.753948125,1334,17058,1247.7189970327515,17113.435615755407,15320,0.8894683286695497,0.8936449867169658,15411.304582209947
1516,892.1397851999999,1334,16869,1244.396384969058,17032.283902239815,15077,0.8846475700032186,0.8938963549555107,15342.080953135679
1517,892.5255169249999,1334,16705,1246.8503703367903,16946.390677025203,14918,0.8837421117689155,0.8941004346582417,15269.450270674015
1518,892.9111432999999,1332,16557,1247.2035153683876,16841.433690456994,14868,0.889064039408867,0.894202795678343,15179.131803664573
1519,893.296664325,1329,16448,1248.9286280549718,16724.560171237987,14846,0.8940406111515312,0.8940074257104565,15074.305216425906
1520,893.6820799999999,1335,16406,1259.7801988719775,16604.43305624105,14831,0.8954946586158848,0.8936317537029324,14965.45357765719
1521,894.0673903249999,1336,16407,1277.9648236652909,16484.619470429367,14854,0.8969544157653773,0.8931162055604711,14856.016852023544
1522,894.4525953,1331,16391,1304.5019819248207,16361.022242859091,14824,0.895949535192563,0.8924267002655931,14742.230967858559
1523,894.8376949249999,1328,16366,1338.5134204624992,16241.29540872922,14802,0.8959968080861817,0.8916538582417732,14632.082402772146
1524,895.2226891999999,1330,16380,1373.0612244897695,16111.40528664265,14862,0.8991362126245848,0.8906956256277154,14511.014179256332
1525,895.607578125,1339,16451,1407.3691816348914,15982.140388230457,14915,0.8983589200635257,0.8895338352271221,14387.692178758018
1526,895.9923617,1339,16484,1436.2993499286233,15842.732383519142,14868,0.893298118190822,0.8881759861736789,14252.215859928605
1527,896.377039925,1330,16410,1464.508029626917,15703.36025731017,14758,0.8904509283819628,0.8866078791417022,14113.406328568894
1528,896.7616128,1339,16317,1494.5681215882294,15567.849237808034,14688,0.8912404860462011,0.8849334447417778,13976.662076150948
1529,897.146080325,1354,16238,1527.854855149578,15446.067679901857,14618,0.8911582907820479,0.8833117707002051,13853.347663593475
1530,897.5304424999999,1354,16173,1578.577159165523,15352.928129742168,14528,0.8889938592347661,0.8817395092628546,13757.91877505693
1531,897.914699325,1348,16110,1642.895150513004,15288.620874764707,14505,0.8912748950006775,0.8801269633275909,13688.343359985243
1532,898.2988508,1347,16089,1706.8897370268535,15238.666674216567,14477,0.890652557319224,0.878507826518461,13630.924550952195
1533,898.6828969249999,1344,16021,1767.1913520124692,15207.032073206348,14327,0.8845813177079784,0.8768490287121924,13588.051326190593
1534,899.0668377,1343,15914,1816.8273347074332,15186.091598903422,14207,0.8828494955733992,0.8750280058824828,13550.323291580524
1535,899.4506731249999,1333,15801,1861.8303925343366,15185.924641554444,14116,0.8835360796239978,0.8730434872418195,13527.00607035241
1536,899.8344032,1322,15797,1912.0262293596315,15211.695100681492,14087,0.8818652849740932,0.8710266981508002,13525.953249223958
1537,900.52446,2541,13937,1966.1363337787568,15262.486602187755,12251,0.8520533520533521,0.869106663901002,13548.136854741635
1538,902.15875025,2624,14106,2017.5656073749867,15325.350517565224,12410,0.8522905417174709,0.867295085892588,13581.875942829702
1539,903.793602,2595,14203,2067.617046818688,15413.07952614979,12482,0.8517401791867677,0.8654180580556062,13635.808897143503
1540,905.42901525,2504,14205,2122.0141792565673,15532.238216040836,12466,0.8513802239124861,0.8635710325701896,13718.028154657826
1541,907.0649900000001,2402,14180,2178.5583818432615,15680.07721579168,12429,0.8513329937170997,0.8617564677477314,13825.652970621946
1542,908.70152625,2363,14194,2236.502480237335,15856.468300527458,12429,0.8508156537908883,0.8598517637260784,13956.478923644661
1543,910.338624,2615,14879,2295.3800765588812,16061.372420666074,13034,0.849559686888454,0.8579443571888803,14111.654760016943
1544,911.97628325,2772,15386,2346.10745430243,16279.517135155633,13479,0.8488187727921357,0.856168565429104,14278.389046184237
1545,913.614504,2664,15529,2389.2773109243235,16512.848830097762,13583,0.8487368830159348,0.8545915482960538,14459.689709845925
1546,915.25328625,2579,15595,2429.4180162630623,16762.867811275133,13621,0.848340503995083,0.8531723581079701,14657.190627193992
1547,916.89263,2420,15923,2469.0708056807157,17036.074837481836,13875,0.8483300007405762,0.8519122926921645,14876.739609050883
1548,918.53253525,2257,16125,2513.6189721171004,17333.150354481084,14020,0.8482117104124604,0.8507839492741098,15119.576796756151
1549,920.173002,2311,16984,2559.099639855893,17653.09295793755,14772,0.8492469161044095,0.8498049172898128,15384.334345058483
1550,921.81403025,2407,17689,2595.469636911319,17982.81639448198,15390,0.8495615757099856,0.8490876813834137,15660.151940020993
1551,923.4556200000001,2731,18855,2625.178509139454,18329.59614034258,16457,0.8512775986107666,0.8485296560149271,15952.07655892515
1552,925.09777125,2915,19657,2653.7030283811127,18698.832476386426,17186,0.8524071198184208,0.8479229779763254,16261.618496454877
1553,926.740484,3022,20443,2678.951188022327,19087.10204081596,17835,0.85029562022846,0.847348925036388,16586.908922059072
1554,928.38375825,3106,21002,2704.402160864294,19488.949285374154,18269,0.8472843093428699,0.8469943425350558,16927.349656843548
1555,930.027594,2648,20972,2729.112822487433,19905.54560692163,18201,0.8487775594848287,0.8468215895661925,17282.988787967686
1556,931.67199125,2213,20822,2738.4295001018754,20325.049921855145,18026,0.8497501209092375,0.8467867136593189,17641.089084690142
1557,933.31695,2197,21191,2733.4530113931837,20748.709914153944,18323,0.8490049489312415,0.8470132587866228,18004.517089854467
1558,934.96247025,2290,21541,2721.7690094905365,21180.005073727196,18630,0.8487870759960522,0.8474090833589337,18375.831117352252
1559,936.608552,2654,22276,2706.3389657749376,21620.218351491123,19299,0.8482825400061156,0.8477963177163282,18753.806088472767
1560,938.25519525,2877,22749,2677.987564837204,22057.19898525405,19756,0.8493860708534622,0.8482728040708706,19127.94296586522
1561,939.9024000000001,2755,22971,2637.8158282180293,22490.95186753904,19953,0.8507123070834982,0.8489261534288578,19499.80028992692
1562,941.5501662500001,2652,23102,2602.6871050306418,22936.483249903293,20070,0.8517359413202934,0.849699189516035,19884.039593195386
1563,943.198494,2777,23726,2610.8071530498487,23332.07914108995,20618,0.8516396964055564,0.8496551893723544,20219.875172710203
1564,944.84738325,2843,24159,2622.6406713628344,23718.508958299848,20992,0.8514261587539876,0.8495946409483753,20547.743618201603
1565,946.496834,2707,24447,2631.828557838179,24090.473532808886,21198,0.8505519779208832,0.8495193794716196,20862.591564927458
1566,948.14684625,2614,24639,2630.8666787469197,24436.533126457663,21332,0.8498524404086265,0.8494054165474937,21152.850823347806
1567,949.79742,2515,24659,2623.0360823574206,24758.780108269246,21307,0.8486271676300579,0.8492926585579758,21421.74221386627
1568,951.44855525,2402,24608,2620.1859158757343,25065.979184125994,21230,0.8478789516346933,0.849203544858501,21679.360189358347
1569,953.1002520000001,2594,25036,2628.720129561208,25376.169109152608,21661,0.8496123340165761,0.8491011723005744,21941.388208113018
1570,954.75251025,2793,25427,2634.919454574232,25670.3407551695,22038,0.8502695060528409,0.848988312774982,22189.537769824485
1571,956.40533,2863,25828,2634.394346417762,25941.184217082566,22378,0.8497713912475506,0.8488773365887308,22417.016987926814
1572,958.05871125,2835,26035,2645.0567849780914,26204.167659516133,22551,0.8498275862068966,0.848717857914371,22638.379351740266
1573,959.712654,2579,26159,2658.712269813535,26461.928718656767,22590,0.8486429177268872,0.8485129939116459,22854.53000067908
1574,961.36715825,2407,26250,2650.6662212054125,26680.512401186377,22626,0.8480057039802038,0.8482970745759625,23033.98323857801
1575,963.022224,2571,26810,2631.862578993811,26884.32043760849,23106,0.8471884153636701,0.8481462315573103,23200.787809462967
1576,964.67785125,2677,27202,2624.2632222699895,27096.653899295048,23435,0.846401630988787,0.8480124639718922,23376.886769801815
1577,966.3340400000001,2580,27354,2633.018097805109,27332.871140908668,23596,0.848308710745136,0.8479032505382849,23575.69380959886
1578,967.99079025,2519,27452,2639.678135405055,27566.770549728793,23701,0.8495568122568483,0.847764972794364,23770.80130920247
1579,969.648102,2324,27643,2645.916170241631,27802.440576229958,23800,0.8482167542162012,0.847545253406974,23965.614102244213
1580,971.3059752500001,2123,27732,2649.094679381136,28036.80126390124,23826,0.8474754968956226,0.8472238031436057,24156.881129809954
1581,972.96441,2407,28187,2635.6818047973406,28254.896486896105,24218,0.846043444530644,0.8469336150902209,24332.27683526194
1582,974.62340625,2695,28580,2619.6641600035737,28463.03778114965,24567,0.8449681282596098,0.8466811105211054,24499.61206369293
1583,976.282964,2754,28859,2611.141248952361,28673.663820244532,24799,0.8444742386515993,0.8464257854426581,24670.332193254188
1584,977.94308325,2700,28980,2607.5051303539785,28879.19447779056,24885,0.8441780821917808,0.8462108469206113,24838.770821535687
1585,979.6037640000001,2969,29411,2613.6338082402267,29089.47457473499,25298,0.8444520081688224,0.8459928128463274,25012.819021947922
1586,981.26500625,3230,29790,2618.010215406867,29286.258352397002,25657,0.8443900602409639,0.8457152316443038,25173.10616321952
1587,982.92681,2895,29677,2615.1502638790867,29469.275227071394,25501,0.8440743783137928,0.845375679970833,25318.311445332365
1588,984.58917525,2534,29479,2615.1059820153973,29644.709891503204,25291,0.8445722768602709,0.8451261335314876,25459.854311535444
1589,986.252102,2461,29641,2622.6714534870052,29827.76755985356,25436,0.8452906548933039,0.8449245578141978,25610.400620625118
1590,987.91559025,2494,29854,2633.5525832974195,30001.819429658077,25620,0.8452485380116959,0.8446664143012317,25752.187614668015
1591,989.57964,2735,30315,2642.1981924844904,30168.976352804697,26075,0.8462654097171863,0.8443132980350575,25885.042288613062
1592,991.24425125,2870,30628,2634.870166934648,30327.138508232896,26363,0.8463506016283594,0.8439275649044395,26006.737094837437
1593,992.9094240000001,2640,30582,2614.7782962240994,30474.107341049043,26253,0.845071934721924,0.8434834071101328,26115.24956397603
1594,994.5751582500001,2463,30529,2607.448300074697,30623.91367867843,26149,0.8439392859687879,0.8430189634986102,26227.627783188243
1595,996.241454,2703,30977,2619.7667217830026,30788.64760243661,26534,0.842859163896159,0.8426018973691862,26356.589481074945
1596,997.90831125,2872,31331,2629.9165100001765,30947.157262904566,26828,0.8417723742928424,0.842138364639875,26478.08860902801
1597,999.57573,2408,30984,2634.4897506171774,31099.645337379636,26469,0.8420002799552072,0.841618425568305,26591.771478402174
1598,1001.24371025,2044,30665,2643.086230718652,31245.246642052443,26160,0.8425980923098424,0.8411038534407567,26700.321660739257
1599,1002.9122520000001,2492,31344,2649.7937892137475,31385.501325057725,26784,0.8419520310550395,0.8405664421055696,26803.535232960596
1600,1004.58135525,2853,31968,2647.043557045409,31523.222926906004,27302,0.8397389661686416,0.8400292594151112,26903.013363835584
1601,1006.25102,2526,31724,2644.201861876776,31671.09223311906,27002,0.83827659428728,0.8394792185916583,27010.577816031553
1602,1007.92124625,2232,31445,2647.109153095149,31828.92364492906,26715,0.8380857837264232,0.8389145098326484,27126.971505582846
1603,1009.592034,2471,31792,2651.1410450972335,31988.683933950324,27090,0.8396371201527915,0.838406197407929,27246.388547871455
1604,1011.2633832500001,2649,32112,2658.5144850392476,32149.285125370287,27395,0.8399008926450124,0.8379471089798224,27368.109379600373
1605,1012.935294,2963,32412,2660.6541484517825,32308.480395931336,27686,0.8395191687323847,0.8374537645688638,27486.801082696707
1606,1014.60776625,3213,32646,2642.735328093451,32435.153480259407,27906,0.8389562735704821,0.8369006873399765,27573.230016534388
1607,1016.2808,2916,32442,2624.0967858841145,32547.70010645705,27653,0.8378039693829168,0.836285380471545,27645.93755237891
1608,1017.9543952500001,2585,32227,2620.5613490678793,32654.740854831878,27370,0.836144659604615,0.8356904745634344,27717.469523657986
1609,1019.628552,2406,32213,2624.035357539192,32760.482502434308,27238,0.8330928976414936,0.8351142882007903,27789.831298556623
1610,1021.30327025,2354,32280,2617.259484925996,32863.31180774133,27215,0.8307491813139076,0.8345324725140092,27857.734625925303
1611,1022.97855,2633,32802,2614.1152460983894,32977.82962241437,27734,0.8320129934701184,0.8339433448539437,27935.42963600481
1612,1024.6543912500001,2809,33159,2627.2605042016303,33107.60964008181,28130,0.8342998352553542,0.8333762689359206,28029.155133751075
1613,1026.330794,2642,33212,2637.1229019909347,33237.11936850148,28059,0.8314360484134773,0.8328116370998149,28122.109470202635
1614,1028.00775825,2514,33248,2631.1099005639485,33356.04600330634,27979,0.8285612025769507,0.832246637125308,28203.217581371628
1615,1029.6852840000001,2477,33738,2619.5575437721754,33475.94242225128,28393,0.829020184894917,0.8316947152503105,28284.248816507195
1616,1031.36337125,2412,34091,2615.6359373937753,33606.77612176882,28717,0.8303608068436503,0.831088586410754,28373.521823823325
1617,1033.04202,2874,34463,2623.487259054515,33754.32816145261,29088,0.8298458324100162,0.8304865281443594,28478.311377380596
1618,1034.72123025,3286,34747,2636.156968447706,33899.13751160776,29385,0.8295667652013604,0.8299523643602595,28583.7886022328
1619,1036.401002,2784,34398,2643.1923486375176,34034.68594985099,28969,0.8282722844309484,0.8294359210664541,28681.29651860689
1620,1038.08133525,2258,34008,2639.385240888758,34157.819656163694,28521,0.8271811023622048,0.8289681065254882,28768.38225101306
1621,1039.76223,2490,34299,2638.028199959178,34288.03200525428,28848,0.8286334056399133,0.8284938439583801,28861.51543636267
1622,1041.4436862500002,2789,34667,2643.119912115739,34423.482593036555,29238,0.8296944601292428,0.8279535318479176,28957.79464993489
1623,1043.125704,2689,34923,2637.6082583976486,34548.63623185057,29424,0.829403735186449,0.8274319862687081,29044.11569910928
1624,1044.80828325,2507,35045,2622.848490339482,34671.05966159982,29474,0.8287848054582334,0.8269465561052513,29127.312577860775
1625,1046.491424,2617,34999,2620.588665654891,34818.888740401155,29421,0.8277438082885553,0.8264574354018699,29233.286688259654
1626,1048.17512625,2769,34983,2626.202767899562,34965.59575528257,29403,0.82678338610542,0.8258934718604061,29337.45226392388
1627,1049.85939,2698,34818,2621.800516432938,35094.51244648735,29220,0.8257160647571606,0.8253088754323741,29424.679290583594
1628,1051.54421525,2561,34647,2610.4556841604062,35232.033545492995,29033,0.8250327245527644,0.8247565017612085,29518.57421459093
1629,1053.229602,2334,34385,2605.589050714576,35395.31334798002,28753,0.8242800536644722,0.8242839738932489,29636.91333891991
1630,1054.91555025,2205,34226,2602.454891390469,35574.374210060705,28585,0.8238343587021018,0.8238041682106937,29767.66705927597
1631,1056.60206,2556,35062,2608.674533964479,35768.034406214625,29370,0.8248938657478619,0.823312169392441,29911.13316269847
1632,1058.28913125,2800,35791,2624.0363088631175,35969.88280595188,30033,0.8254675517565396,0.8227867901618755,30061.283290674182
1633,1059.976764,2566,36313,2632.015221182762,36165.80733425376,30352,0.8233620766290337,0.8222283075005541,30203.788126570806
1634,1061.66495825,2370,36671,2634.4131690411514,36351.168452285885,30549,0.8215212384478586,0.8216990708432423,30337.85338286199
1635,1063.353714,2658,36969,2634.6618722960375,36534.10521189538,30811,0.8205240301943983,0.8211172879510776,30468.051552695964
1636,1065.04303125,2869,37119,2625.848150580937,36720.411153139794,30961,0.8202043795620438,0.8204949358766119,30598.017961901154
1637,1066.73291,2700,37132,2619.088744931885,36922.88099390629,30885,0.8185699349442379,0.8199048749588127,30742.17323155619
1638,1068.42335025,2565,37152,2622.440621531581,37129.42895648754,30830,0.8172145603839593,0.8193564008068541,30892.367709347294
1639,1070.114352,2772,37372,2626.7981381231234,37334.34929443404,31034,0.8168208092485549,0.8186932210207636,31037.443407551105
1640,1071.80591525,2906,37534,2627.289587533076,37532.23787628186,31178,0.8164491163220515,0.8179293841795724,31172.699132482587
1641,1073.49804,2684,37387,2624.1178509139,37739.489660014224,31071,0.8179984439385644,0.8171480471015214,31314.077714103903
1642,1075.19072625,2517,37275,2613.017282384602,37953.20145416585,30991,0.8192070890154785,0.8164802404877397,31463.386101609845
1643,1076.883974,2500,37730,2614.058891481071,38179.394459669915,31304,0.8175986375248367,0.8158507890694836,31626.425037939098
1644,1078.57778325,2460,38099,2632.7247955785583,38416.60216539373,31546,0.8161283986643845,0.8152419571213806,31802.27346032692
1645,1080.272154,2623,38584,2640.5468980044343,38645.77107069169,31871,0.8133255471204917,0.814590850695302,31967.93213889268
1646,1081.96708625,2790,38972,2635.9411991211073,38870.440757434306,32172,0.8120612459233874,0.8138254300204077,32122.860313936275
1647,1083.6625800000002,2808,39428,2640.1020861174156,39108.51645563811,32572,0.8127799016930639,0.8130475059339966,32288.9890824248
1648,1085.3586352500001,2737,39721,2651.552198237735,39351.57197218435,32771,0.8120808998485832,0.8123525709457148,32463.2441957909
1649,1087.055252,2618,39678,2657.674330109351,39596.033590794046,32686,0.811332973556395,0.8117054548282366,32639.382636072678
1650,1088.75243025,2561,39638,2645.7818297129666,39830.51101950138,32623,0.8107991477196106,0.811080799223716,32804.752746380946
1651,1090.45017,2656,40595,2630.7442977190376,40055.97800629609,33426,0.8110387727668099,0.8104325581029235,32960.90246664641
1652,1092.14847125,2686,41391,2633.767673106928,40285.27257695454,34036,0.8099728717219997,0.8098033706999435,33124.12473668649
1653,1093.847334,2575,41191,2644.6576139889416,40510.81281569153,33783,0.8081624197223949,0.8091745022635674,33285.5967292571
1654,1095.54675825,2518,40922,2648.3511744319862,40717.45353235556,33491,0.806504530778044,0.8085484430322376,33430.22324401394
1655,1097.246744,2604,40934,2641.9844843597307,40902.46123354924,33529,0.8068092877641534,0.807889495091922,33553.70678837508
1656,1098.94729125,2627,40963,2631.4540759699607,41079.40037146855,33561,0.8069177796327212,0.8071899947577302,33667.5057872199
1657,1100.6484,2656,41151,2630.344311309379,41274.819610862425,33753,0.8078191972983504,0.8065090358066003,33797.974563409625
1658,1102.35007025,2705,41355,2635.894448345325,41478.34163854142,33947,0.8083311772315653,0.8058598906152843,33937.05794015655
1659,1104.052302,2593,41644,2635.474257627529,41686.88069944879,34068,0.8059972856008809,0.8051656901730361,34077.485990622015
1660,1105.75509525,2441,41808,2628.934947563881,41902.831321206926,34109,0.8044301064343231,0.8043591412156506,34218.046999931394
1661,1107.45845,2631,41804,2629.259756732831,42122.122335725944,34068,0.80251703979782,0.8034875090100115,34359.59435094727
1662,1109.16236625,2834,41806,2631.212031982554,42333.21436499047,34073,0.8015754900954531,0.8026274204465144,34494.916260843296
1663,1110.8668440000001,2712,42098,2626.8922285894987,42532.82368796494,34294,0.8018585284111105,0.8017460787313361,34618.89329316566
1664,1112.5718832500002,2527,42299,2618.5037939703684,42714.63220004901,34447,0.8025746756512119,0.8009005042563041,34729.372352714
1665,1114.277484,2497,42660,2616.018799972769,42886.15289134439,34729,0.8025296915071085,0.8000962259147965,34834.29287186506
1666,1115.98364625,2536,42964,2620.0043036081856,43055.7524066222,35000,0.8030078163648956,0.7993258164443199,34940.03184670027
1667,1117.69037,2701,43304,2620.841310108899,43213.62139572727,35186,0.8000640346772406,0.7986503697406591,35038.93834514871
1668,1119.39765525,2773,43513,2621.8957620783663,43366.070805679934,35267,0.7975945017182131,0.7981027572630762,35138.0474302922
1669,1121.105502,2695,43719,2623.846179981376,43522.552017032394,35338,0.795704953198128,0.7975904279413121,35242.00405445129
1670,1122.81391025,2651,43900,2610.8561462320276,43664.701420189886,35434,0.7947586608160198,0.7970542430290436,35330.41896758636
1671,1124.52288,2520,43781,2594.8443452852343,43799.43971550801,35387,0.7965633406849083,0.7964176421821951,35408.29133162631
1672,1126.23241125,2371,43625,2586.8683775396457,43928.8732700619,35294,0.7980559460900761,0.7957803322629549,35483.57888060817
1673,1127.942504,2378,43829,2583.3179686968633,44057.05465582375,35389,0.7963860944247425,0.7951995733514058,35560.956239098734
1674,1129.65315825,2443,44077,2587.163265306073,44192.206120183066,35523,0.794542921650574,0.7945883066799944,35643.98355568574
1675,1131.364374,2879,44621,2595.02815465804,44321.39026931442,35984,0.7930861003306022,0.7939492519751056,35721.69507803053
1676,1133.07615125,3164,44987,2601.627737887558,44435.60196153848,36317,0.7926977978624202,0.7933166612852456,35787.26218034315
1677,1134.7884900000001,2785,44892,2608.8484903394824,44562.314344604914,36083,0.7907948797112119,0.7927051856690799,35863.84692744954
1678,1136.50139025,2468,44792,2610.72266642501,44690.532175133354,35868,0.7891503638597486,0.7921251444874506,35942.21148836824
1679,1138.214852,2554,45111,2606.7653174476836,44797.28492151491,36072,0.787602509575393,0.7915163707887414,36001.150513034714
1680,1139.9288752500001,2627,45365,2601.8703028380664,44888.31013159894,36268,0.7871449295708737,0.7908796208517201,36046.113026341925
1681,1141.64346,2562,45140,2599.828376633623,44969.61817934635,36088,0.7874019446662596,0.7902739384933157,36084.9785046087
1682,1143.35860625,2526,44953,2608.1669573489266,45033.68311852957,35939,0.7875409526952176,0.7896816663272647,36112.92980588393
1683,1145.074314,2532,45082,2624.8351038528117,45087.81403882222,36026,0.7871680376028202,0.7891320056475996,36136.43853767852
1684,1146.79058325,2487,45182,2628.554984257804,45129.33950938779,36079,0.786790022250849,0.7886813650185162,36151.13030872658
1685,1148.507414,2434,45052,2617.189766472577,45164.489478809526,36061,0.7890328030409686,0.7882117259541941,36156.84828648371
1686,1150.22480625,2428,44980,2604.055176787646,45204.57111146259,36082,0.7908911449520587,0.7876621661788118,36162.53382862509
1687,1151.94276,2588,45142,2602.1450542480643,45244.381798001355,36254,0.7911359684166,0.7870225999473105,36166.2820675433
1688,1153.66127525,2665,45260,2610.3142766540072,45279.82982626926,36368,0.7912431036506632,0.7863604525570138,36167.472105822766
1689,1155.3803520000001,2681,45583,2616.761285646284,45315.257355771624,36550,0.78945037527388,0.7857226177406393,36169.18670864503
1690,1157.09999025,2712,45870,2620.795102946789,45341.09295793702,36728,0.7881736873812503,0.7851726606142907,36166.65788579514
1691,1158.82019,2685,45810,2626.550023783048,45365.467122697264,36628,0.7870840579710144,0.7846653787251022,36165.2812521228
1692,1160.54095125,2611,45694,2629.619153321655,45395.86339441349,36473,0.7859712647680059,0.7842002773624536,36169.57439579536
1693,1162.262274,2414,45256,2633.7834152528435,45432.68126118285,35984,0.7835768638252183,0.7836618083920213,36175.928401548605
1694,1163.98415825,2296,44966,2640.9397947857888,45471.19060454283,35633,0.7812749003984064,0.7830909698730552,36182.921606377706
1695,1165.706604,2717,45235,2648.4696369113176,45512.195859474996,35916,0.7808222399924738,0.7824818917335493,36190.4213911973
1696,1167.42961125,3018,45463,2653.098847085954,45557.31556773565,36189,0.7815054776769937,0.7817545222383714,36195.24822759223
1697,1169.15318,3006,45590,2651.3111282248237,45595.18374142022,36227,0.7801286868307346,0.7810182560644259,36192.28874946135
1698,1170.87731025,2980,45703,2644.665836145728,45610.986092549356,36249,0.7787140416169277,0.7803648146435379,36174.5928107085
1699,1172.602002,2731,45379,2638.9754694330054,45620.44762055678,35953,0.7789814293753518,0.7796962528503487,36151.70400235497
1700,1174.32725525,2481,45077,2634.0899227615073,45631.35348478927,35675,0.7792750493004038,0.7789643378911543,36127.40207026138
1701,1176.05307,2426,44996,2641.049627398079,45655.821468209055,35576,0.7787174066243834,0.7781759197569883,36113.76343744975
1702,1177.77944625,2462,45025,2660.6626197648357,45698.96113162159,35601,0.7785870356882738,0.7774582026938147,36120.463815714276
1703,1179.506384,2673,45447,2673.8984348455847,45747.065210989174,35899,0.7767802870902885,0.7767460704333304,36129.9339282876
1704,1181.23388325,2783,45749,2674.083557951431,45789.180253232495,36124,0.7759856630824373,0.7759989520579534,36130.38358739653
1705,1182.9619440000001,2773,45735,2672.3842442636924,45837.44555935494,36071,0.7750570271402635,0.7751848755156604,36132.319758091224
1706,1184.69056625,2778,45735,2673.521552016982,45896.13712654785,36027,0.7740065647042391,0.7743825852127438,36143.56889170693
1707,1186.41975,2442,46000,2675.2052368116547,45953.01821105713,36134,0.7734974057578401,0.7735945498477071,36154.06330834151
1708,1188.14949525,2124,46205,2673.416906385144,46002.4143015688,36201,0.7730541503141943,0.7728068203628347,36157.882103784206
1709,1189.879802,2571,46572,2668.8063149787704,46053.619991391904,36470,0.7704143087657098,0.7719815568412084,36160.77387936237
1710,1191.61067025,3011,46888,2670.678679018726,46110.04761149655,36735,0.7686031405975796,0.7710772626442178,36165.779021041686
1711,1193.3421,2970,46714,2676.9503273006803,46166.409499648034,36628,0.7694312362838333,0.7701900151873653,36172.26754852815
1712,1195.07409125,2811,46487,2668.1715554145676,46214.38983895357,36457,0.7703544280611777,0.7693330341106198,36169.704070306674
1713,1196.806644,2716,46331,2651.9529321161917,46262.60030804685,36299,0.7699873896595208,0.7684741959490711,36165.160139526815
1714,1198.53975825,2693,46293,2640.6287345126225,46317.63788534194,36236,0.7693348623853211,0.7676841434653318,36169.92604588936
1715,1200.2734340000002,2588,46523,2635.3581055063028,46389.165303856505,36287,0.7670194605667463,0.7668995079959768,36189.155745316304
1716,1202.00767125,2453,46700,2636.809486058523,46478.91814084035,36321,0.765430424661559,0.7661363139825877,36224.99488097057
1717,1203.7424700000001,2532,46609,2639.882941855937,46574.16163446422,36227,0.7644576536515643,0.7653871823008636,36265.950870913715
1718,1205.4778302500001,2648,46562,2637.6854741896254,46664.1777616698,36193,0.7638794006467186,0.7646328143369086,36301.35624815895
1719,1207.213752,2641,46569,2627.7027565742774,46740.92670275567,36109,0.761883081405937,0.7638243067284798,36322.1920315289
1720,1208.9502352499999,2565,46563,2607.1465265350926,46808.56538086843,36010,0.7601481885540252,0.7630118222264143,36333.27348297739
1721,1210.68728,2621,46485,2594.1275227071465,46883.91229699338,36049,0.7620828013861025,0.7622241385613023,36352.87012163286
1722,1212.42488625,2706,46469,2596.485945321475,46971.74173820381,36130,0.7637501999405891,0.7614766177479361,36387.14029762778
1723,1214.163054,2699,46912,2606.5101814310133,47069.85777707219,36417,0.7626263768574854,0.7606981081047551,36429.622211147915
1724,1215.9017832499999,2627,47237,2618.005413486099,47174.270832860544,36607,0.7617126204886797,0.7599139872602699,36476.970282451904
1725,1217.6410740000001,2615,47409,2621.997621690135,47268.907517723164,36754,0.7621333214269769,0.7591746644491837,36516.849464313316
1726,1219.3809262500001,2650,47549,2621.0586423248037,47349.599152867784,36896,0.762734136617742,0.75847789897926,36546.69190695076
1727,1221.1213400000001,2575,47404,2620.731636050596,47423.4851299001,36642,0.7599321867541101,0.7577901749054694,36571.757865409614
1728,1222.86231525,2457,47240,2618.372533919178,47500.07513193865,36372,0.7573186253712346,0.7570976845816091,36597.70608620736
1729,1224.603852,2560,47405,2618.9445967065567,47589.16775011801,36456,0.7558479206154533,0.7563538116235745,36631.35749394027
1730,1226.34595025,2687,47616,2614.6076468322676,47679.39228521506,36622,0.7553028111019608,0.7556166209366939,36664.85422093295
1731,1228.08861,2666,47681,2607.4094543477268,47763.92276155653,36560,0.7529490169943353,0.7548791831668722,36693.154454233816
1732,1229.83183125,2574,47672,2608.694285261224,47845.67057011392,36445,0.7510532617854451,0.754211189727461,36724.60402274047
1733,1231.575614,2634,47850,2605.2964053545443,47932.55915196175,36523,0.749491330502477,0.7536023683636232,36761.775985865344
1734,1233.3199582500001,2725,48037,2594.028199959179,48024.397857255186,36652,0.7487420550847458,0.7530210211368986,36802.213391016085
1735,1235.064864,2424,48104,2596.990237604426,48127.66934698316,36667,0.7496278458844133,0.7523900171175252,36852.48306869847
1736,1236.81033125,2117,48101,2613.6343518538993,48239.489977121986,36629,0.7505219206680585,0.7517823721057173,36913.67355998933
1737,1238.55636,2522,48426,2629.3201658021194,48344.723345941224,37017,0.7514595677936563,0.751252180655294,36973.03719223468
1738,1240.30295025,2929,48738,2631.5712247162514,48425.59181408319,37404,0.7525813704730512,0.7508470005007449,37016.50103060021
1739,1242.0501020000002,2892,48821,2626.8512763595504,48491.018279008786,37408,0.7515077619804481,0.7504821088282011,37048.43090443654
1740,1243.79781525,2744,48804,2632.545810777091,48561.57996783525,37318,0.7506296135475466,0.7500972714630364,37085.71050306844
1741,1245.54609,2560,48717,2642.4299531132706,48645.12623162379,37156,0.7495287821998831,0.7496288244049374,37129.9516863342
1742,1247.2949262500001,2465,48705,2644.466556433844,48734.61960633216,37087,0.7487456747404845,0.7490728545249651,37172.47690774352
1743,1249.044324,2547,48987,2646.08636662207,48822.398899181375,37311,0.748578811369509,0.7484383538698499,37209.55609413505
1744,1250.79428325,2576,49187,2651.2452603682473,48918.35722213319,37475,0.7487288408315633,0.7477258840706704,37249.406147363894
1745,1252.544804,2768,49326,2655.829599764383,49018.59670660622,37543,0.7469178229305382,0.7469267320432077,37288.02511948104
1746,1254.29588625,2948,49444,2655.4436114067767,49112.1002287698,37619,0.7456770474879559,0.7460846713489381,37318.34598745087
1747,1256.04753,2816,49381,2656.2038777774756,49197.09399986315,37515,0.7451734135079996,0.7453068734165573,37345.20736596454
1748,1257.7997352500001,2631,49280,2655.9886067634093,49265.73562254995,37393,0.7451821046539047,0.7446138121005201,37363.27291671315
1749,1259.552502,2622,49286,2653.037305488182,49335.66126072976,37349,0.7441925252871593,0.7439231872010876,37381.86217128289
1750,1261.3058302499999,2674,49359,2654.594962513256,49379.72964279957,37367,0.7431294848452393,0.7432508509114453,37384.0326168196
1751,1263.05972,2586,49527,2662.0650297854477,49410.545924029044,37431,0.7423148207324087,0.7426131463582822,37379.76366395543
1752,1264.81417125,2453,49629,2672.086796982893,49471.220775101545,37454,0.7419238595896218,0.7419927356706909,37398.34381299619
1753,1266.569184,2489,49473,2678.6151894719637,49550.45341910254,37383,0.7426783585901584,0.7413153947879209,37426.5736030254
1754,1268.32475825,2567,49362,2677.9827855670055,49642.38517293615,37363,0.7435837162089967,0.7406484430179971,37462.645994246035
1755,1270.0808940000002,2880,49566,2678.7887834378516,49749.14625472735,37597,0.7436276399777235,0.7400067962840366,37511.11529139886
1756,1271.83759125,3061,49719,2682.1194364537755,49868.935808284616,37769,0.7438810064726307,0.7393407325187615,37568.32725542976
1757,1273.59485,2869,49776,2683.3461233549515,49992.52601417831,37650,0.7414884771995651,0.7385863331827325,37623.424539626445
1758,1275.35267025,2715,49836,2680.496115427252,50114.30788919245,37569,0.7396702107340676,0.7377670842308336,37672.94813019475
1759,1277.111052,2594,49868,2679.9969874741832,50239.56991098229,37525,0.7389051064009815,0.7368854326338861,37722.63124872518
1760,1278.86999525,2475,49874,2682.6974336904063,50369.538109582485,37474,0.7383911052975801,0.7359619344461286,37774.50089469679
1761,1280.6295,2440,49979,2675.3434958888706,50498.579582775536,37416,0.7357327667809588,0.7350474888829986,37823.353348886005
1762,1282.38956625,2462,50121,2653.152732791178,50612.92799383807,37423,0.7335655385131874,0.7341925918178114,37860.426827333984
1763,1284.150194,2809,50830,2640.200185734621,50727.9158757833,37852,0.7297432373336665,0.7333858350269536,37902.562073885434
1764,1285.91138325,3032,51358,2637.592810709139,50847.36050646577,38177,0.7272482721516368,0.7327199598832046,37957.40496953426
1765,1287.6731340000001,2715,51295,2633.771501053201,50967.12926680008,38004,0.726410045286126,0.7320977644819466,38014.30816099951
1766,1289.43544625,2458,51199,2631.2046705474136,51097.98233255469,37843,0.7259801809564843,0.7314691899241162,38079.11058008035
1767,1291.19832,2539,51292,2628.378083308745,51233.43783551059,37950,0.72633478965397,0.7308198235837307,38146.01411130416
1768,1292.9617552500001,2589,51366,2623.285238623701,51376.638225100374,38058,0.7271664924042069,0.7300701953730558,38212.64327617766
1769,1294.725752,2563,51078,2619.0234886406893,51529.01311467885,37918,0.728743687519324,0.7292645695156064,38283.2215678717
1770,1296.49031025,2562,50891,2614.203515368362,51685.07624181649,37815,0.7294378116658735,0.7284464341377982,38355.56898230917
1771,1298.2554300000002,2641,51026,2616.1542050782073,51841.24815964021,37904,0.7288002480107472,0.7275840648777179,38427.595777933086
1772,1300.02111125,2651,51130,2624.539423316446,51991.36809440658,37961,0.7283566080158419,0.7267607941010564,38498.842419986126
1773,1301.787354,2790,51570,2629.4352533465712,52128.308047746395,38274,0.727429274292743,0.725997495563723,38562.46685089056
1774,1303.55415825,2931,51955,2624.8732247615526,52242.27613309376,38555,0.7266644908616188,0.7253719404142506,38613.59079480775
1775,1305.321524,2748,53352,2618.903553874329,52341.08405626301,39459,0.725456485653308,0.7248006954002931,38656.00312577787
1776,1307.0894512500001,2529,54411,2617.4010056852426,52446.86701850451,40149,0.7251069735168266,0.7242357489934428,38704.80968991296
1777,1308.85794,2444,54020,2614.986545561571,52557.651203876776,39886,0.7259578098340314,0.7236758804028218,38757.18577997163
1778,1310.62699025,2443,53597,2618.2683639493034,52673.83376746825,39585,0.726082026820972,0.7231299641822422,38815.7199936571
1779,1312.396602,2512,53195,2629.0866837300455,52780.567532672445,39187,0.7236154134522423,0.7226361020701162,38871.775714058465
1780,1314.16677525,2516,52940,2627.6979093523696,52857.518856598224,38880,0.7211645248294463,0.7222044970870767,38905.61677501114
1781,1315.93751,2532,52742,2624.4825477360255,52914.14480509084,38741,0.7211511651065525,0.7217996785953689,38925.30600919538
1782,1317.7088062500002,2574,52672,2627.79168271077,52951.44764320721,38720,0.7215058485368677,0.7214988259108941,38937.75947360001
1783,1319.4806640000002,2609,52679,2630.813427257645,52972.41568325341,38728,0.7213700818853604,0.7212098688676498,38939.09130444555
1784,1321.2530832500001,2575,52672,2643.775872613146,53006.5045414382,38713,0.7213605605126056,0.7209066950780084,38951.882715349544
1785,1323.0260640000001,2553,52626,2660.8886044983524,53043.513126004094,38679,0.7214666586783296,0.7206264328194377,38968.932138892545
1786,1324.7996062500001,2568,52637,2667.9458198373177,53068.64096581927,38705,0.7217439932892609,0.7203845167395486,38976.33502457512
1787,1326.5737100000001,2692,53058,2668.4926045889542,53078.79736800279,38987,0.7206250248183298,0.7201012740455918,38969.145552559894
1788,1328.3483752500001,2734,53351,2668.2888853654154,53088.128655234665,39188,0.7201928205938716,0.7198214958238978,38961.18985707416
1789,1330.1236020000001,2832,53577,2677.306145099498,53106.69636911267,39210,0.716878510198049,0.7194762840662063,38959.32841060878
1790,1331.8993902500001,2934,53755,2685.0935015515124,53127.60037599844,39239,0.7143700438794987,0.7190318288492444,38954.01060046585
1791,1333.6757400000001,2822,53422,2680.293709936753,53129.71313053422,38926,0.7135177865612649,0.7185279756076695,38928.8828965541
1792,1335.4526512500001,2666,53132,2673.4451063443735,53115.890824253205,38642,0.7128759957198906,0.7180052784862669,38890.89451629634
1793,1337.2301240000002,2619,52696,2672.054021608592,53085.37987270278,38451,0.7155380713700901,0.7175022975947629,38843.46125619985
1794,1339.0081582500002,2639,52433,2675.6053364741615,53022.41969240424,38390,0.7179780696469454,0.7169747686261074,38773.322476159534
1795,1340.7867540000002,2668,52251,2681.1597544677734,52919.722870279176,38364,0.7199241675574289,0.7164553982588031,38675.83315590313
1796,1342.56591125,2632,52107,2675.2483861468604,52773.82402772328,38322,0.7213744315310763,0.7160035809423171,38547.32297447207
1797,1344.34563,2629,52144,2662.714195111956,52599.69797730313,38306,0.720529132586085,0.7155694123980153,38397.58386373344
1798,1346.12591025,2660,52239,2651.7123151146743,52408.145733764206,38335,0.7195586841202929,0.7152107752422445,38239.37384765154
1799,1347.906752,2830,52638,2649.7253391922295,52214.38177535065,38502,0.7161901702537745,0.7148973910045008,38084.362454415
1800,1349.68815525,2907,52910,2658.01465491852,52011.55240209192,38622,0.7142571445713257,0.7146087102735905,37927.10550635277
1801,1351.47012,2850,52462,2664.2590319146016,51837.05044281765,38256,0.713657985971136,0.7143142269262861,37789.804208475114
1802,1353.25264625,2822,52096,2662.1197762123206,51678.80935015416,37969,0.7132970735073264,0.7140698352775262,37664.74219121539
1803,1355.035734,2464,51570,2656.529139957819,51507.0844413227,37482,0.7131104142060033,0.7138771819590872,37531.80044848056
1804,1356.81938325,2136,51179,2652.3499966023637,51334.48961471282,37104,0.7130069530819892,0.7137022409894145,37399.51489274883
1805,1358.6035940000002,2540,51473,2650.1777390200855,51161.2577408312,37434,0.7130975006641734,0.7134758123099437,37264.61632199978
1806,1360.38836625,2945,51817,2645.901356769072,50991.876056081834,37837,0.7139466361106565,0.7131807250713226,37128.33552288769
1807,1362.1737,3031,52161,2641.8027361887644,50827.254660353734,38041,0.7125992265418278,0.712889431823613,36995.64680966656
1808,1363.95959525,2977,52363,2636.8514122629676,50669.79129765016,38116,0.711517434090633,0.7126174235916068,36868.74694783503
1809,1365.746052,2531,51497,2630.9099186844046,50519.458356926705,37376,0.7116162235020218,0.7123568857961338,36747.2101746352
1810,1367.53307025,2214,50791,2629.2849894674346,50371.63090896639,36775,0.711468390390514,0.712102592982511,36629.11979886224
1811,1369.3206500000001,2341,50455,2631.9639402930475,50227.921900834845,36554,0.7110820135511493,0.711861415230993,36515.92912636682
1812,1371.1087912500002,2440,50279,2633.674398061061,50094.55342136759,36459,0.7111143627584189,0.7116576229039556,36411.685179731576
1813,1372.897494,2406,49599,2635.9264536002574,49984.573897482565,35899,0.7097027101476914,0.7114516086187754,36324.20254139322
1814,1374.68675825,2391,49119,2636.4511540464737,49891.98441640712,35488,0.7082905324430748,0.7112384389761778,36248.35760719312
1815,1376.476584,2693,48742,2639.673446737135,49820.12965185978,35333,0.7088101804599448,0.7109183020679154,36182.71381005163
1816,1378.26697125,2881,48494,2644.3256245894077,49773.44021382041,35247,0.7095784096639116,0.7105429317560996,36132.5565924476
1817,1380.0579200000002,2717,48055,2644.1985095924656,49736.08774830591,34882,0.7094490273060127,0.7101544076067584,36086.94407574282
1818,1381.84943025,2589,47785,2640.513601667031,49716.98083761711,34626,0.7088459155677493,0.709736061168935,36051.716482818854
1819,1383.641502,2432,48075,2637.5092980587956,49707.45765475907,34865,0.710579935587056,0.709390726432627,36027.107363699506
1820,1385.43413525,2271,48305,2638.5524247434314,49706.59679720849,35079,0.712690619976539,0.7090655243785812,36010.87200163015
1821,1387.2273300000002,2608,48799,2641.313030872676,49711.95356633124,35516,0.7124331579744972,0.7087773365513625,36001.398083761116
1822,1389.02108625,2933,49207,2641.0307821241195,49709.584294094035,35911,0.7126680209188745,0.7085427618520833,35988.22806858523
1823,1390.815404,2953,49305,2640.0306462207022,49710.88217173568,35910,0.711015705902658,0.7083109385097616,35977.60583478605
1824,1392.61028325,2853,49300,2631.189879725425,49728.52537996235,35812,0.7096044954464228,0.7081057209278306,35977.64182654125
1825,1394.4057240000002,2716,49599,2621.565063761304,49773.85440213726,35947,0.7088070302668344,0.7078609203189257,35995.17832793426
1826,1396.20172625,2650,49894,2614.542571745629,49854.79607692038,36119,0.7084285835238338,0.7076301726496134,36039.43511744252
1827,1397.99829,2725,50627,2610.0873632471357,49946.65222315245,36582,0.706797210972402,0.707443348388902,36094.26852250265
1828,1399.7954152500001,2745,51133,2616.593286371102,50053.60350177711,36921,0.7062908159047698,0.7072413649283209,36162.24213458899
1829,1401.593102,2668,51176,2618.9769190694647,50160.99370314067,36935,0.7064195596602623,0.7070380574472158,36229.27386803709
1830,1403.39135025,2635,51174,2611.0366486216626,50258.84960021648,36914,0.7062156204289335,0.7068667602618812,36288.09984371037
1831,1405.19016,2684,51112,2614.272214546146,50367.36225055964,36886,0.70624432146692,0.706737875865913,36359.792566082346
1832,1406.98953125,2672,51032,2627.3870529343308,50488.765022989355,36820,0.7061207609594706,0.7067328178524284,36449.52168791975
1833,1408.789464,2730,50972,2641.9330449160293,50625.99947903592,36787,0.7059616102151652,0.7067569744660758,36552.34734648506
1834,1410.58995825,2805,50993,2653.474031121832,50775.68203130211,36810,0.705673611687557,0.7067508617248994,36661.6853835867
1835,1412.391014,2619,51191,2652.1545901378913,50907.93793743815,36900,0.7057769908589311,0.7067445645568765,36754.911458922485
1836,1414.19263125,2400,51335,2637.7197671520935,51025.55598088194,36944,0.7059160110350465,0.7067756891542298,36835.74366350243
1837,1415.9948100000001,2373,51347,2623.0988470859543,51136.22868015032,36926,0.705537632213011,0.7068326734097005,36912.832363133224
1838,1417.79755025,2421,51384,2611.0978957620287,51254.14754580979,36943,0.7050630067602067,0.706847352845015,36993.71727558878
1839,1419.600852,2494,51604,2600.0135676911773,51359.379850052246,37136,0.705396049684382,0.7067885604125764,37062.32698362293
1840,1421.40471525,2496,51743,2597.8826700491018,51453.47867448768,37268,0.7060734664040449,0.7066925536676746,37123.92579673308
1841,1423.20914,2575,51752,2609.812249428023,51530.5658565303,37260,0.7053093926022328,0.7066331488637843,37179.32564723931
1842,1425.0141262500001,2669,51791,2618.429726607574,51570.52497225206,37268,0.7043483571515817,0.7066822169327177,37212.675009625775
1843,1426.819674,2661,51498,2616.948945615932,51571.70474982346,37040,0.7039539693265352,0.7067693029956081,37217.50397517426
1844,1428.62578325,2591,51240,2613.4605087317445,51553.65659471237,36819,0.7035704742132418,0.7068116888160519,37205.99533398193
1845,1430.432454,2451,51089,2605.8955582232393,51532.76672178206,36765,0.7054977589539043,0.7068752509138234,37192.13665088606
1846,1432.23968625,2385,51050,2586.7787265849242,51497.601531177526,36803,0.7072433987465324,0.7070359937332249,37169.36526308566
1847,1434.0474800000002,2413,51543,2574.555346666919,51460.3926476241,37230,0.708670873193568,0.7072148769780578,37148.048789326334
1848,1435.85583525,2394,51909,2582.821649414433,51435.12075018588,37547,0.7099464808643845,0.7074397113333624,37143.35466261905
1849,1437.6647520000001,2681,51959,2599.622324401409,51410.150377131,37686,0.7103575632127928,0.7076436857961583,37140.43634057325
1850,1439.47423025,2941,51987,2603.5356180207436,51378.53826813646,37778,0.7102923785833707,0.7077613306711799,37124.753040838266
1851,1441.28427,3053,51661,2597.2239688327663,51348.2408661568,37529,0.7092659644502962,0.70779824113565,37103.04582210172
1852,1443.09487125,3043,51385,2593.424222519147,51333.52252599054,37276,0.7081419883331265,0.7077175424185264,37087.36009875577
1853,1444.906034,2737,50904,2595.6838433486105,51342.37978210053,36897,0.7091992442958872,0.7075216325931641,37084.61602754238
1854,1446.71775825,2524,50605,2601.3507667217336,51359.45138055123,36668,0.7101349805536491,0.7073271255364221,37088.751002287
1855,1448.530044,2456,50674,2607.9667263131164,51371.53219778379,36696,0.7101082583267659,0.7071453143547037,37090.269926837944
1856,1450.3428912499999,2383,50753,2619.216924505601,51389.66524722999,36722,0.7099235063055613,0.7069166789060084,37095.18584792337
1857,1452.1563,2433,50896,2634.295476681188,51405.91814084025,36726,0.7076119926541898,0.7066690106767227,37099.00405445125
1858,1453.9702702499999,2515,51042,2638.9651634238094,51395.763528051735,36771,0.7059162940218847,0.7064011625709914,37080.184171781206
1859,1455.7848020000001,2634,51258,2640.0699223084957,51364.6752361312,36971,0.7061739058900954,0.7061098954206576,37044.43910394276
1860,1457.59989525,2663,51396,2654.040997531037,51326.44474393433,37098,0.7066053803377588,0.7058141592726918,37007.227706176105
1861,1459.4155500000002,2767,51467,2669.672472762639,51288.95836825199,37124,0.7054825462012321,0.7055308310987805,36971.62957258304
1862,1461.23176625,2875,51556,2671.1275453577146,51244.134159323134,37160,0.7042788767691707,0.7053433003891697,36931.3181272502
1863,1463.0485440000002,2890,51244,2665.956465605059,51193.103331897815,37021,0.7058568060553418,0.7051998347643548,36886.81619062649
1864,1464.86588325,2828,50953,2660.804887992882,51150.369747898185,36864,0.7072415584415584,0.7050028132604467,36845.54386282744
1865,1466.683784,2463,50625,2656.714784026767,51119.96588824112,36527,0.707279598023338,0.7047685404110718,36811.47548075763
1866,1468.50224625,2209,50455,2654.4006432761275,51101.5289134512,36300,0.706607801683041,0.7045486578813281,36787.07683073159
1867,1470.32127,2483,51064,2656.9410405671197,51089.514552990026,36661,0.7035260698627035,0.7043035436899343,36767.397970508246
1868,1472.1408552500002,2687,51559,2662.97780244168,51082.36669007128,36973,0.7015468980193158,0.7040594357762404,36752.18134046001
1869,1473.961002,2640,51508,2667.9980747015275,51066.40336134356,36931,0.7017066382909061,0.7038069089519576,36730.03134838771
1870,1475.78171025,2597,51422,2665.9599537927866,51038.00285397079,36882,0.7022017409114183,0.7035576830110652,36697.1635824134
1871,1477.6029800000001,2785,51708,2657.4770436475965,51000.71559944635,37073,0.7008564478874967,0.7033603688049139,36658.65788579512
1872,1479.42481125,2888,51939,2646.246959160973,50966.55647919448,37217,0.6998634074738538,0.7031699401255178,36621.87277174951
1873,1481.2472040000002,2559,51671,2634.377131984819,50948.34433395903,36852,0.6982611174458381,0.7030047509767487,36597.42997576319
1874,1483.07015825,2310,51472,2621.519196357738,50948.44116514432,36561,0.6966966356128718,0.7027853142598322,36583.18453419033
1875,1484.893674,2675,51368,2618.6811705813902,50955.52402092815,36629,0.6973076212186556,0.7025288885982326,36575.15203062287
1876,1486.7177512500002,2954,51294,2624.722507871022,50969.008471312074,36714,0.6983864294580058,0.7022532030083637,36573.39060907312
1877,1488.54239,2870,50714,2635.322362907377,50972.976760514546,36433,0.7015090711478973,0.7019621624050417,36565.50753131371
1878,1490.36759025,2790,50298,2652.593875285913,50963.906226640625,36220,0.7036709606803064,0.7016706267059776,36550.37183175087
1879,1492.1933520000002,2741,50254,2666.6344877573165,50934.323903145196,36141,0.702965504177804,0.7014442643874227,36522.97204919634
1880,1494.01967525,2660,50250,2662.247117714959,50876.629232824234,36086,0.7023744484135322,0.701301543503662,36474.31993929577
1881,1495.84656,2460,49793,2645.4621169221896,50804.230967857875,35761,0.7035472080789301,0.701191920178639,36413.286778861795
1882,1497.67400625,2341,49473,2632.5692541166904,50734.513375160415,35531,0.7041924806925232,0.7010960941690535,36356.034451515756
1883,1499.5020140000001,2670,49983,2628.0810437381997,50670.93963623087,36019,0.704859129626107,0.7009583425387645,36303.604385149585
1884,1501.33058325,2896,50414,2622.2934607804887,50612.05673967604,36431,0.7057325645018729,0.7008523842403793,36255.53027248566
1885,1503.159714,2586,50511,2615.6764819134696,50557.24458085024,36416,0.7058946270213876,0.7008216861677596,36213.62825885002
1886,1504.98940625,2330,50557,2612.3726245214566,50512.03279802391,36372,0.7058701557218985,0.7008378483221309,36181.71433101472
1887,1506.81966,2535,50899,2616.4149810867243,50472.59960587911,36524,0.7027747911669837,0.7008361949079087,36155.193843574474
1888,1508.65047525,2686,51147,2627.1026523816568,50433.14682099158,36627,0.7003776232434329,0.7008109757520951,36129.51414528006
1889,1510.4818520000001,2703,50939,2639.8095087090933,50379.04278692513,36515,0.7009702297039555,0.7008421339437141,36096.88991823075
1890,1512.31379025,2723,50769,2649.776167070551,50310.40059797407,36451,0.7019939224909462,0.700910304481385,36055.0786201266
1891,1514.1462900000001,2648,50532,2648.826632539758,50226.25751432552,36254,0.701821067579985,0.7009852363305391,35999.53373802282
1892,1515.97935125,2534,50334,2638.5284604407293,50136.23167002554,36067,0.7015271966527197,0.701041544237151,35936.27561213095
1893,1517.812974,2482,50202,2633.4571337968646,50061.26430949643,35877,0.6998113998323554,0.7010168440083667,35881.304740763546
1894,1519.6471582499998,2486,50173,2637.3611406826376,50000.58787288404,35800,0.698597101935538,0.7009615496437244,35837.49520940382
1895,1521.4819040000002,2642,50264,2643.396860630994,49938.617658383155,35818,0.6966528075259334,0.7009386707910381,35794.914471448275
1896,1523.3172112500001,2708,50324,2643.68114793082,49873.11073863412,35813,0.6952494959677419,0.7010228874257198,35753.0822895189
1897,1525.15308,2707,50056,2644.9469070646624,49814.307119073084,35639,0.6955162727829521,0.7011288566476358,35717.10321864526
1898,1526.98951025,2724,49896,2646.72866882597,49761.57013748801,35520,0.6952429407275502,0.701224014494918,35684.91791433487
1899,1528.826502,2704,49579,2638.8383655348425,49702.532605494074,35429,0.6981333333333334,0.7012567505210291,35642.376361864815
1900,1530.66405525,2632,49333,2623.927359623044,49649.6165032041,35338,0.700327616111004,0.7011483252811886,35595.34619130603
1901,1532.5021700000002,2617,49062,2619.118507780421,49600.630705111274,35218,0.7019270104424589,0.7009811787165715,35551.46891209245
1902,1534.3408462500001,2640,48930,2627.5130807039295,49558.625087770015,35164,0.7026139554979477,0.7007411800218497,35513.25028879409
1903,1536.180084,2468,48915,2638.67507757815,49503.42003216287,35102,0.7026072728055633,0.7005405709764994,35468.67435275929
1904,1538.01988325,2273,48889,2637.574848807397,49425.096717931505,35025,0.7025913849322121,0.7004299338397066,35408.451040793
1905,1539.860244,2657,49277,2627.015515640168,49333.181113954066,35385,0.702016302016302,0.7003447004047675,35336.97168678725
1906,1541.70116625,3027,49640,2619.199845976076,49250.08176855553,35764,0.702314804882758,0.7002209406387391,35270.80561281049
1907,1543.54265,2840,49465,2611.3779247547577,49157.63618654914,35630,0.7032707774798928,0.7001338379371674,35199.87508210764
1908,1545.38469525,2573,49228,2603.5294117646554,49051.32718747782,35416,0.7039545600685886,0.7000699883017008,35120.36052911664
1909,1547.227302,2661,49043,2605.8267684431767,48950.261364922386,35235,0.7022983053770859,0.7000649296520093,35050.279009716425
1910,1549.07047025,2812,48975,2609.199211760126,48851.30338172911,35158,0.7006910296124602,0.7001572084074771,34986.47303449614
1911,1550.9142000000002,2755,48656,2600.985775442203,48747.350630817426,34891,0.7001154658939892,0.7003321420109422,34919.48821037782
1912,1552.7584912500001,2631,48383,2588.0854832498535,48654.964098846154,34662,0.7001005420528065,0.7006241096535174,34864.47858388572
1913,1554.603344,2535,48332,2582.2357244784216,48578.12820222335,34593,0.7000021835491408,0.700888011785555,34820.9137919312
1914,1556.44875825,2505,48378,2578.7327232779407,48508.13062583431,34618,0.7000414186994528,0.701098410306935,34780.19098960272
1915,1558.294734,2560,48412,2575.767944913766,48429.42222926814,34701,0.7009726947570444,0.701336133854738,34734.780538629886
1916,1560.14127125,2554,48403,2573.054565222266,48337.926227093674,34738,0.7019564221684225,0.7016105831196918,34682.222881604815
1917,1561.98837,2543,48171,2567.2132777638867,48230.935355273265,34633,0.7032962216183045,0.7018894797760061,34618.05134884076
1918,1563.83603025,2567,48033,2559.565584724407,48118.62286801421,34585,0.704218536928694,0.7021574849859772,34549.13671883782
1919,1565.684252,2429,47913,2552.4400779179105,48002.53428163626,34455,0.7041157330050127,0.7023554133806031,34474.50411107774
1920,1567.53303525,2259,47826,2541.0839203605483,47889.18036648531,34328,0.7037768560581122,0.7024824834653073,34397.34698407599
1921,1569.38238,2346,47782,2530.37185440209,47777.96493691725,34196,0.7009860022889339,0.7025128339228149,34317.44999886681
1922,1571.23228625,2473,47809,2523.3000520962614,47672.61820199687,34148,0.6986721369331216,0.7024610616433462,34238.96303426966
1923,1573.082754,2585,47894,2519.826088926088,47560.242587600165,34176,0.6972345450131321,0.7024003663489191,34156.13556365877
1924,1574.93378325,2603,47939,2516.40936374545,47446.75317674149,34179,0.6964884418563614,0.702286742569184,34070.20906475733
1925,1576.785374,2551,47585,2511.4112437427325,47320.97229835239,33996,0.6982502109517253,0.7022299581491898,33977.94144827677
1926,1578.63752625,2536,47342,2505.664907472375,47188.500215179505,33882,0.6995938044011962,0.7022551409765364,33884.42404131399
1927,1580.49024,2377,46980,2502.352261659333,47043.56642279463,33708,0.7024415398067395,0.7023618361501687,33786.409001335735
1928,1582.34351525,2199,46702,2501.09526829595,46894.54032933839,33546,0.7043794800350538,0.7025459441179026,33689.34114022903
1929,1584.1973520000001,2539,46844,2494.4417087589272,46738.256517700516,33744,0.7043223112515518,0.7027723567786976,33587.2216358235
1930,1586.0517502500002,2870,47051,2481.6437971414507,46567.15683254345,33958,0.7036508906543537,0.7029787659355087,33472.1097193588
1931,1587.9067100000002,2764,46528,2481.4954585607356,46394.317402431785,33627,0.7052143314139475,0.7031502154187635,33358.04249246804
1932,1589.76223125,2575,46053,2490.68536093678,46222.678429861626,33283,0.7062882377294264,0.703317931094337,33247.532650795525
1933,1591.618314,2400,45744,2493.7817391106905,46037.294774512695,33074,0.707687338501292,0.7035173821251476,33127.024190807766
1934,1593.47495825,2324,45623,2496.00081542046,45847.05927653992,32988,0.7081918751010416,0.7037723921473547,33005.192348636934
1935,1595.3321640000001,2521,45645,2507.1373304038116,45651.40130014183,33041,0.7077265559781096,0.7040174406840993,32881.41353144969
1936,1597.18993125,2636,45666,2522.070986885272,45451.405241340944,33059,0.7070183592842203,0.7042724911998,32755.635892092057
1937,1599.04826,2515,45070,2533.7323608688275,45235.442750684306,32502,0.7046645517565503,0.7045523132476021,32618.324288205222
1938,1600.90715025,2431,44612,2548.7216924505165,45020.87716595986,32106,0.7035158009530357,0.7048125473101143,32482.165983373856
1939,1602.7666020000001,2485,44395,2566.591338422112,44809.09116854203,31958,0.7032450489143403,0.7050270885401287,32346.994926271775
1940,1604.62661525,2490,44271,2569.4328750367577,44601.14813472474,31861,0.7029750364998444,0.7052049063786977,32208.716777276328
1941,1606.48719,2516,44331,2562.619878139886,44389.67514552906,31909,0.7029295707282076,0.7053745068477024,32065.038415365532
1942,1608.34832625,2565,44442,2555.573489773219,44194.018528165136,31998,0.7028440432695752,0.7056348468966739,31935.82393712141
1943,1610.210024,2512,44243,2552.005073727555,43998.8604271889,31854,0.7031223790467518,0.7059386415947607,31809.905909533016
1944,1612.07228325,2411,44032,2560.6370699222593,43826.13119209863,31707,0.7038754474904495,0.7064636510488335,31710.65568868996
1945,1613.9351040000001,2524,43680,2571.3762259620335,43671.23024303977,31540,0.7050247837496355,0.7067507375931701,31617.446102968883
1946,1615.7984862500002,2664,43469,2573.8586604452607,43525.921764931554,31480,0.7061879671608872,0.7071382715185812,31531.225599673227
1947,1617.66243,2646,43112,2575.9193413213848,43374.28519332178,31264,0.7072109919438541,0.7073752415717414,31434.648010146855
1948,1619.52693525,2559,42837,2576.9044825476867,43232.1537067649,31049,0.7073340285019117,0.707517371144054,31340.196901401472
1949,1621.392002,2609,42415,2577.3416838432995,43077.67500962566,30809,0.7084359141837914,0.7075802489249063,31233.208430541425
1950,1623.2576302500001,2691,42159,2576.1659380732935,42923.105075991836,30687,0.7093341441167528,0.7075811086470392,31122.64993544528
1951,1625.12382,2692,41718,2574.065097737159,42735.94692971446,30368,0.709168246809819,0.707533727525789,30988.110217671376
1952,1626.9905712500001,2627,41379,2573.8712768125624,42526.54884595265,30089,0.7086601981833196,0.707493223335675,30838.63385354082
1953,1628.857884,2605,40828,2569.158599288723,42268.48245713299,29643,0.7073751406221385,0.7074344158698858,30654.909488323043
1954,1630.7257582500001,2626,40459,2555.683843348611,41964.81467303822,29351,0.7063938889329422,0.7073796572576568,30437.95796054212
1955,1632.594194,2613,40349,2551.2012276608266,41612.40170785216,29311,0.7074941700233199,0.7072279182107879,30187.87385897697
1956,1634.46319125,2551,40295,2555.7840268182254,41215.35892092607,29299,0.7086689275116574,0.7069836866393684,29907.216312939694
1957,1636.33275,2667,40249,2557.2714897279175,40739.622505605235,29343,0.7098078867542973,0.7067714143822446,29571.85426623423
1958,1638.2028702500002,2793,40258,2558.1330041450055,40195.20886090208,29418,0.7106632857333511,0.706503727962536,29188.725407143425
1959,1640.073552,2613,39900,2558.0221522570805,39579.02190310011,29110,0.7106230053369808,0.7062631269567146,28756.710593670876
1960,1641.94479525,2400,39577,2555.241545674825,38899.4344152748,28806,0.7102778599671841,0.7060073930556144,28280.406464472042
1961,1643.8166,2431,39326,2556.2769711657756,38155.657659289405,28580,0.7087410218186746,0.7057682467891456,27760.165213254582
1962,1645.68896625,2517,39219,2559.1485650863624,37355.38317968625,28471,0.7071549234374148,0.705539576113705,27200.614645857822
1963,1647.561894,2282,38504,2558.952637658788,36480.24761602684,27905,0.7073877753851251,0.7053285117106354,26584.99635325777
1964,1649.43538325,2023,37877,2549.2801648960985,35531.15064893814,27425,0.7084844089920233,0.7051603559442761,25913.209744274573
1965,1651.3094340000002,2444,37270,2535.6652245803502,34516.967768238705,27155,0.7095560787917073,0.7051035270026931,25194.00505107655
1966,1653.18404625,2852,36898,2531.7827357357555,33462.08792951079,27052,0.7108030311930917,0.7051097829767035,24448.355183582396
1967,1655.05922,2930,35772,2537.265917687781,32374.85594237633,26208,0.7087875281651543,0.7052508040197731,23682.301909442565
1968,1656.9349552500003,2875,34811,2537.13404607121,31251.176946249598,25508,0.7086986472945892,0.7055530680778894,22888.734920382805
1969,1658.811252,2518,32996,2528.390110761237,30086.523771772285,23903,0.7016536518144235,0.7060760521852604,22063.97105257155
1970,1660.6881102500001,2271,31080,2521.366712722777,28900.672518063275,22705,0.7092922350654309,0.7066785534587247,21225.235679176923
1971,1662.56553,2292,29215,2522.9523658519524,27693.57903916231,21287,0.7055305872302492,0.7074185117252726,20375.149403157102
1972,1664.44351125,2299,27735,2520.8396339667456,26461.89290810613,20290,0.7073046076427111,0.7084124667695364,19508.347165280833
1973,1666.3220540000002,2400,25587,2511.8141294253073,25206.514054677988,18800,0.7072928796308277,0.7097292331033307,18624.52660309371
1974,1668.20115825,2513,24059,2503.9469523658036,23947.02790550136,17750,0.7071846282372598,0.7112473434553124,17738.715055833312
1975,1670.0808240000001,2601,21912,2502.6702756573845,22684.868626695526,16251,0.7068510175547615,0.713048983816335,16854.730231715006
1976,1671.96105125,2601,20265,2510.799429205596,21432.560375093028,15120,0.7087296195652174,0.7150597379184757,15982.041156084768
1977,1673.84184,2528,18163,2522.7119980067014,20185.5642936416,13609,0.708730412535977,0.717450521947213,15114.916396747089
1978,1675.72319025,2502,16648,2525.0595709981617,18942.235022310444,12570,0.7117206277392902,0.7199648984082119,14247.343631792068
1979,1677.605102,2571,14971,2522.844141430109,17704.299055470907,11424,0.7139516129032258,0.7227088899644196,13381.060159912764
1980,1679.4875752500002,2577,13769,2520.5153004597582,16485.845953475415,10617,0.7183702644746247,0.7255811877846076,12527.26129697138
1981,1681.37061,2644,12543,2517.499037350741,15300.428322272015,9798,0.7226992625517729,0.7287882531333076,11697.858003578565
1982,1683.2542062500002,2724,11780,2516.9322068449537,14162.572855557048,9296,0.7257067137809188,0.7322165067817199,10904.220163536906
1983,1685.138364,2605,10716,2524.443588756209,13079.346961425832,8544,0.7322155098015042,0.7360397580511503,10153.377902104046
1984,1687.0230832500001,2449,9937,2539.8390450519346,12059.014292509226,7971,0.7374465811965812,0.7400784486983427,9450.680060703346
1985,1688.9083640000001,2405,9141,2551.21037849097,11094.038438016505,7419,0.7443586698337292,0.7444396983764207,8786.513760220902
1986,1690.7942062500001,2423,8660,2555.2483181951534,10189.951414527883,7102,0.7502004168670835,0.7491024209066554,8163.401775804504
1987,1692.6806100000001,2463,8104,2555.2332782168983,9351.202360189181,6732,0.7567807126396029,0.7539853978205076,7583.773177195261
1988,1694.5675752500001,2435,7690,2555.583048313616,8591.511381911092,6439,0.7619410085632731,0.7591763958279695,7058.482207977395
1989,1696.455102,2661,7509,2547.0065913157223,7898.5154363630745,6383,0.7677392739273927,0.764743499994225,6577.818002672641
1990,1698.3431902500001,2876,7465,2529.5368638020764,7281.279168270943,6421,0.772499455219002,0.770555732219053,6149.042084758315
1991,1700.23184,2573,6876,2525.008086253321,6745.074565675199,5927,0.7794561933534743,0.7766710704044637,5782.34426600818
1992,1702.1210512500002,2244,6361,2533.6178395886172,6299.740265917568,5475,0.7847947534612582,0.7830661082294361,5485.06464472571
1993,1704.010824,2442,6286,2545.7313868943315,5924.386192212623,5477,0.7895421436004162,0.7895737141501581,5236.080907834732
1994,1705.90115825,2683,6336,2552.814922195244,5619.979229427514,5579,0.7927730632356967,0.7962291336324112,5035.24940542245
1995,1707.792054,2517,5919,2548.271738884184,5363.509819021847,5245,0.8018812463256908,0.8027744358808798,4857.376837527372
1996,1709.68351125,2294,5520,2543.2108315023634,5158.323835194357,4909,0.810601363918165,0.809564943314027,4721.331355183493
1997,1711.57553,2544,5580,2541.7663820244593,4997.65061496287,5022,0.8162055335968379,0.8161461860813857,4613.739178690256
1998,1713.46811025,2808,5718,2537.822255055866,4891.194507759581,5193,0.8195876288659794,0.8228603790593008,4541.800473222678
1999,1715.3612520000001,2737,5491,2533.590695875187,4813.554679114044,5013,0.8264342774146696,0.8295490165589364,4489.610034502442
2000,1717.25495525,2593,5240,2529.1017538058577,4761.304363487066,4795,0.8318851530034,0.8361895290254556,4454.788834817924
2001,1719.1492200000002,2362,4891,2524.3854781712694,4731.016795339347,4487,0.8402530644523527,0.8427593469040058,4434.9578464574115
2002,1721.04404625,2214,4673,2519.471918294811,4719.265209131565,4284,0.8418056120374136,0.8492359006397341,4427.738041709192
2003,1722.9394340000001,2459,4813,2514.391123499873,4722.622839324424,4464,0.8517417162276976,0.8555966206777879,4430.750392861553
2004,1724.8353832500002,2609,4898,2509.173143109846,4737.662920378618,4572,0.8575797291393622,0.8618189374633145,4441.615872202783
2005,1726.731894,2672,4880,2503.848026448119,4760.958686754835,4587,0.8673007246376812,0.8678802814414612,4457.955452021164
2006,1728.62896625,2733,4887,2498.445822838083,4789.083372913767,4612,0.872330547818013,0.8737580830573751,4477.390104604985
2007,1730.5266000000001,2626,4696,2492.9965816031277,4818.610213316115,4451,0.8816425120772947,0.8794297727562038,4497.540802242527
2008,1732.42479525,2487,4499,2487.5303520666425,4846.112442422556,4268,0.8851888667992047,0.8848727809830943,4516.0285172220865
2009,1734.323552,2364,4310,2482.0771835520186,4868.163294693801,4105,0.894655704008222,0.8900645381831942,4530.474221831944
2010,1736.2228702500001,2320,4224,2476.6671253826457,4881.336004590528,4033,0.8996848739495799,0.8949824748016504,4538.498888360384
2011,1738.12275,2314,4180,2471.3302268819134,4882.203806573445,4002,0.9046087888531619,0.8996040212836106,4537.723489095699
2012,1740.02319125,2435,4278,2466.096537373212,4867.339935103246,4113,0.9104720564297342,0.9039066080742217,4525.7689963261655
2013,1741.9241940000002,2490,4301,2460.9961061799318,4833.3176246406,4142,0.9122032026504694,0.9078676656186313,4500.256382340083
2014,1743.82575825,2534,4327,2456.0589826254627,4776.71010964621,4169,0.9118795315114333,0.9114646243619866,4458.806619425728
2015,1745.727884,2504,4261,2451.3152160331942,4694.090624580775,4113,0.9157655093910074,0.9146749147494349,4399.040679871388
2016,1747.63057125,2415,4157,2446.7948557265177,4582.032403904988,4012,0.9167623421354765,0.9174759672261232,4318.579535965349
2017,1749.53382,2375,4097,2442.527951028822,4437.108682079539,3955,0.9175377468060395,0.9198452122371994,4215.044159995905
2018,1751.43763025,2379,4089,2438.5445512634974,4255.89269356514,3951,0.9192982456140351,0.9217600802278102,4086.055524251331
2019,1753.342002,2564,4269,2434.8747057539344,4034.957672822442,4133,0.9202346041055719,0.9231980016431033,3929.2346010199326
2020,1755.2469352500002,2660,4364,2431.5484638235225,3770.8768543121587,4229,0.920774647887324,0.9241364069282256,3742.2023625899747
2021,1757.15243,2415,4081,2428.5958747956524,3460.223472494992,3952,0.9225690276110444,0.9245527265283248,3522.579781249733
2022,1759.05848625,2233,3867,2426.046987993714,3099.5707618316264,3749,0.9277845777233782,0.924424390888548,3267.9878292875364
