version https://git-lfs.github.com/spec/v1
oid sha256:f215f866f37b99ab206bc4cfb1c92dab58e785f1fd2aeb616ba633bf8e3abf29
size 138
