version https://git-lfs.github.com/spec/v1
oid sha256:c0f830ea10fa8a3556ea0c9dde9e3c38113c1fb4f494bd3ac5cbc5a09ae1e15e
size 242
