version https://git-lfs.github.com/spec/v1
oid sha256:b5df4485d2180529cbcc821513c2e34fb9d881ae27c18246a323a7cc1e7187bc
size 126
