version https://git-lfs.github.com/spec/v1
oid sha256:622f9658fbf3666c5367967ed8c1ae211c54fa14397e60a74589808ee2227dce
size 121
