version https://git-lfs.github.com/spec/v1
oid sha256:fac46fe7e8481533e50eddccd78c7329702809c11211448e212b465f912affc8
size 142
