version https://git-lfs.github.com/spec/v1
oid sha256:2fcf4b3f83be28610efba38f4c5e18f76734a0e446de397f987d9ff1d8b97d69
size 125
