version https://git-lfs.github.com/spec/v1
oid sha256:5e222184fcb7f465d46a5f93d21525f964b8d4a5ef7c0f4a6458c3b3645cea3e
size 123
