version https://git-lfs.github.com/spec/v1
oid sha256:5e00683ca175a39a4f35197df49a88571f8a1ddecdf6971120ec44c7fe299619
size 125
