version https://git-lfs.github.com/spec/v1
oid sha256:3c4dc61d25e00366e39325d45c395bd66bf639c85cfd24b0851685bcfde366c8
size 121
