version https://git-lfs.github.com/spec/v1
oid sha256:1cc794ba9c13d7bcb3c4fc2cb9a6b5ff18ff4e31f8a4fde02efc10eade912860
size 141
