version https://git-lfs.github.com/spec/v1
oid sha256:8e96c0a4219a6c858de3455ed6e4e158c7c3a300748302e0eea1b3907776c80a
size 131
