version https://git-lfs.github.com/spec/v1
oid sha256:6980b10348a8261a98893a6fb3fd1aface4d024682a529e580d6f82a1c98a443
size 146
