version https://git-lfs.github.com/spec/v1
oid sha256:e3fb0070e9824949c9e42fcce10f7cd688edfb754c8a67089125fda348535db1
size 132
