version https://git-lfs.github.com/spec/v1
oid sha256:b324f41f8379670b8c9a8a6decbd8febe0e82b8aa99225c599ec0c8d1886adae
size 141
