version https://git-lfs.github.com/spec/v1
oid sha256:44cd09911c73519435f68c1aa32b9f561b542004598a8447c9ffc48a7d62881c
size 122
