version https://git-lfs.github.com/spec/v1
oid sha256:8870fcc4b57be37066e0900d76080ed5717077e290d1a9b63fc2d1ab2d1034d3
size 135
