version https://git-lfs.github.com/spec/v1
oid sha256:c9825c34179a9f497818959936b65d80db7d8710e439520ae02447474f9a09ab
size 1222
