version https://git-lfs.github.com/spec/v1
oid sha256:760e392b70552d4f9259efa4b0069fa2aa407856cabbc784f5dac3c7851eb336
size 138
